-1.01823390123656
-1.0141523526371
-1.00514798586608
-1.00410278073721
-1.00417004792551
-1.00557066761687
-1.00704600980872
-1.00752439259214
-1.00812824528452
-1.00884904950416
-1.0114015034207
-1.01318776529433
-1.01427071019652
-1.01190402914335
-1.00691035772419
-1.00337810189553
-1.00421344837963
-1.00728063808978
-1.00873672592249
-1.00858293487293
-1.00988748753397
-1.01039097491412
-1.01161538330236
-1.01355912351792
-1.01529696571514
-1.01347637530727
-1.00458897068347
-1.00474756547604
-1.00542938073005
-1.00770535105441
-1.00871737653214
-1.00901993815707
-1.00998689435736
-1.01158158856248
-1.01326022065103
-1.01615553201073
-1.01682541373333
-1.01330814303202
-1.00658209401327
-1.00553689566881
-1.00543413877776
-1.00701164403596
-1.00739121787859
-1.00811882535116
-1.00872589504955
-1.00822003448732
-1.00925953302398
-1.01142800414818
-1.01378051204534
-1.01216202327351
-1.0063879990891
-1.00351427046454
-1.00581214876818
-1.00671714429264
-1.0073786273299
-1.00844683731773
-1.01093385337152
-1.01242895615852
-1.01383210678739
-1.01747957326761
-1.01714890912998
-1.0136807081444
-1.0060111760197
-1.00373872791024
-1.00662074064934
-1.00820880682984
-1.00887634508186
-1.00951423892178
-1.01027602417075
-1.00928770478712
-1.00990345016695
-1.01462061819274
-1.01374633074132
-1.01080434634911
-1.00746886095243
-1.00606710369718
-1.00636901293871
-1.00884174372517
-1.01186151825811
-1.01298210369183
-1.01298638829847
-1.01311628162545
-1.0133495012922
-1.01649434139481
-1.01897383269604
-1.01670308390534
-1.0108526945676
-1.00466244962358
-1.00792720266492
-1.00995502846504
-1.01150751060018
-1.01209445124867
-1.01285120436286
-1.01367233995788
-1.01461729576708
-1.01560104436121
-1.02045698084875
-1.01468523429241
-1.01071956315549
-1.00689072458788
-1.00788095850091
-1.00942081920452
-1.01055011735153
-1.01029694067238
-1.0108436722575
-1.01125942402612
-1.01227269034242
-1.01666967131074
-1.01813389137698
-1.01695863636871
-1.0081251437145
-1.00367675432573
-1.00530142218078
-1.00502777182486
-1.00632249370927
-1.0064215316191
-1.00609502186859
-1.00637146035181
-1.00712832228686
-1.00944749797654
-1.01457015368161
-1.0133846050954
-1.00736725640241
-1.00409546773229
-1.00644362956895
-1.00739423727793
-1.00838038091809
-1.0091665879084
-1.00933124356197
-1.0092289387612
-1.01003451733545
-1.01384585815674
-1.01653804321706
-1.01275459633732
-1.00896487070885
-1.00573935828976
-1.00830202720363
-1.00977520239128
-1.01101820198588
-1.01169575738998
-1.01236465207745
-1.01557251049012
-1.01691509260062
-1.01850308777356
-1.02006253870893
-1.01539423291777
-1.00444910758508
-1.00276579416889
-1.0035816114911
-1.00455304731672
-1.00473499739594
-1.00468454795202
-1.00496749553769
-1.00541814298862
-1.00612847134695
-1.00966988929512
-1.01245131755521
-1.00968726460277
-1.0083575843474
-1.00404463066818
-1.00550050967054
-1.00718282038105
-1.00849427834252
-1.00769847596461
-1.00901349768352
-1.00951062044017
-1.00849482345753
-1.01241210721689
-1.01415409732517
-1.0129726654844
-1.00852258455023
-1.00627206032199
-1.00512802886228
-1.00673498663781
-1.0075009670353
-1.00641332895676
-1.00664020388161
-1.00670216690408
-1.00759449456825
-1.01091327090567
-1.01383333780036
-1.0120036577504
-1.00744174451134
-1.0060586598743
-1.00587293074872
-1.00797839044383
-1.00879373832315
-1.00799857888869
-1.00875004275315
-1.01108945003746
-1.0109066868814
-1.01355790231311
-1.01507632772158
-1.01373279370089
-1.00589117431331
-1.00178181742606
-1.00214635083975
-1.00414637638418
-1.00470514808375
-1.00510280169817
-1.00636302679895
-1.00818770210267
-1.00800717833242
-1.01111699337289
-1.01534994020381
-1.01256368523375
-1.00591003620813
-1.00011798949258
-1.00194931009746
-1.00283505196727
-1.00468270919712
-1.00487605102475
-1.0061704244551
-1.00686329646531
-1.00798128215614
-1.01085528129903
-1.01395324167807
-1.00916082225891
-1.00491722170029
-1.00260306180455
-1.00385271863962
-1.00497807815605
-1.00639766830356
-1.00748519215744
-1.00961880158594
-1.00896750290732
-1.01021174204411
-1.01340824613926
-1.01532683384119
-1.01505588212458
-1.00418075508362
-1.0027977927977
-1.00197240590842
-1.00423270350935
-1.00554147707032
-1.00688710278989
-1.00746435618611
-1.00827688510142
-1.00828320457775
-1.01023048247539
-1.01384540812433
-1.01082491841551
-1.00526462863488
-0.999538994953688
-1.00208570468681
-1.00257427437304
-1.00434744565321
-1.00518123283684
-1.00754246748714
-1.00767352094409
-1.00830459331824
-1.00992975874285
-1.01195530825654
-1.01104718356305
-1.00701703271936
-1.00399706668453
-1.00579896033717
-1.00894191734154
-1.01054984439678
-1.01425627759674
-1.01634041553155
-1.0178593136993
-1.02037160700101
-1.02383936959206
-1.02189776082693
-1.01963788988931
-1.01213913487047
-1.00029081603343
-1.00187988262672
-1.00333433999023
-1.00466635804432
-1.0062369207028
-1.00785595878861
-1.00701273303384
-1.00698965143157
-1.00848952391029
-1.01065714288429
-1.00812921224987
-1.00488137799814
-1.00092095209938
-1.00074537526134
-1.00196195209099
-1.0047775790284
-1.005568661568
-1.00745664173426
-1.00743425932502
-1.00840595741165
-1.01159501383061
-1.01413697031863
-1.00993863281776
-1.00662685056803
-1.00310715338351
-1.00451263967235
-1.00698491856529
-1.00840093735149
-1.00969511255683
-1.0103808190648
-1.01075308787073
-1.01281078979518
-1.0157048515806
-1.01667393975175
-1.0159444433685
-1.00673597296391
-1.00111941281067
-1.00287735706842
-1.00512913224677
-1.00664912458828
-1.00751238884115
-1.00939110871339
-1.01086801621288
-1.01112257904731
-1.01452654509178
-1.01801366645526
-1.01414210760003
-1.00625945658422
-1.00194789057844
-1.00195290699626
-1.0042624046546
-1.00624194157526
-1.00877157079063
-1.01003461537542
-1.01095263249453
-1.0117297733634
-1.01195391296391
-1.0129365946582
-1.01124457080836
-1.00490555823237
-1.00165873134519
-1.00103351614094
-1.0027791030495
-1.00391695125385
-1.00477397603934
-1.0061055793851
-1.0055370435784
-1.00577278676085
-1.00846450646955
-1.01046560928502
-1.00948661085577
-1.00583437240775
-1.00564173545377
-1.00613666589905
-1.00727660979976
-1.00840882395285
-1.00890238839644
-1.00974688091223
-1.0107137859711
-1.01193325564735
-1.01550068501842
-1.01698083577081
-1.01379127730254
-1.00832109057771
-1.00395084166625
-1.00716530325577
-1.00853687554358
-1.00982007759233
-1.00990544287913
-1.00992545857107
-1.01144624259347
-1.0121184851699
-1.01591529781546
-1.01828506713588
-1.01670739915014
-1.00964921667841
-1.00412203022911
-1.00642290884903
-1.00912982708617
-1.01041536332655
-1.01046375508425
-1.01084302880406
-1.01320756171065
-1.01454901177113
-1.01741113812548
-1.02177863038974
-1.017996367493
-1.00792887584349
-1.00383881947268
-1.00571891244736
-1.00830740195095
-1.00998848433323
-1.01130993838838
-1.01126182604494
-1.01216421269255
-1.01240065671121
-1.01468590043658
-1.01859121586371
-1.01815898507878
-1.00875038052036
-1.00455329807286
-1.00411651877329
-1.00722726354323
-1.00934403603548
-1.01074987727942
-1.01317799547075
-1.01304674598397
-1.01389239483042
-1.01655371916721
-1.01649177546416
-1.01187609595778
-1.00713158894909
-1.00447156115052
-1.00493681238113
-1.00707533447623
-1.00966383909321
-1.01220309875255
-1.01374555087414
-1.01566422806199
-1.01718267758527
-1.01958479483135
-1.02118558426402
-1.01777321092593
-1.0102477039338
-1.00395444338015
-1.00591401935834
-1.00630456223762
-1.00865634912345
-1.00920825161156
-1.00963472273051
-1.00983304475757
-1.01129933602879
-1.01322801859299
-1.01416644519355
-1.01506681990347
-1.00663829295819
-1.00521269911245
-1.00407500912282
-1.00674708336387
-1.00837545215225
-1.00842493994301
-1.01025563970447
-1.01040548933957
-1.01170577231062
-1.01437839995
-1.01849258742836
-1.01379927766682
-1.00662445364638
-1.00548868578778
-1.00373579286878
-1.00666296493886
-1.00826100480192
-1.009676622783
-1.01298369560281
-1.01514459962091
-1.01589672661775
-1.01893932930409
-1.01837217687034
-1.01702404289169
-1.00388007044007
-1.00107308296005
-0.999402162286271
-1.00192712870644
-1.0033349110659
-1.00430103822426
-1.00576656670071
-1.00655464542329
-1.00621644761523
-1.00724750266444
-1.00740914976889
-1.00706680668587
-1.00194059017326
-1.00091035753373
-1.00111715655931
-1.00422509029896
-1.00575142458383
-1.0064618272986
-1.00745586143263
-1.00852992743172
-1.00874878183566
-1.01058830449961
-1.01227206035507
-1.01255178506589
-1.00688857052246
-1.0038607346308
-1.00406339503711
-1.00573817130036
-1.00669172752207
-1.00702896554788
-1.00728461550714
-1.00864885976847
-1.00895032243671
-1.01128783586185
-1.01468133358168
-1.0097901352205
-1.00577908637249
-1.00303911740686
-1.00323640419479
-1.00495088651082
-1.00653293010344
-1.00604521997436
-1.00637005478872
-1.0073654226104
-1.00909851912724
-1.01049727058057
-1.01440377450593
-1.01027019932405
-1.00661538003713
-1.00303054315814
-1.00453484871962
-1.006126396259
-1.00622214071074
-1.0066837249615
-1.00789930023471
-1.00991352697158
-1.01065950445076
-1.01255165161014
-1.01674414982216
-1.01174084143971
-1.00448442701084
-1.00158537258538
-1.00185406820212
-1.00262366766376
-1.00419006271431
-1.00446984179693
-1.00582552031333
-1.00670111606746
-1.00752663138616
-1.01062346604936
-1.01200268173243
-1.00963178029729
-1.00418010841954
-1.00283767279077
-1.0022382762631
-1.00417690908557
-1.00585846891007
-1.00703709301036
-1.00937707566058
-1.0098153981355
-1.0111242882094
-1.01401052343012
-1.01565004594256
-1.01142822956521
-1.00936561276719
-1.00178750968303
-1.00373914895895
-1.00397357999031
-1.00614817164449
-1.00566181566003
-1.00692090688098
-1.0079650273292
-1.00862814305735
-1.0121026025172
-1.0122642594296
-1.00823080101618
-1.00416599202495
-1.00364770484575
-1.00443915973608
-1.00697730413913
-1.0071896106261
-1.00832002996077
-1.01065407486644
-1.01135355716018
-1.01344818628024
-1.01661571526953
-1.01609226241242
-1.01194225254354
-1.00405189988007
-1.00427195399564
-1.00228663568288
-1.00510704361317
-1.00520488528984
-1.00525257790525
-1.00520313567671
-1.00603468285766
-1.00772611650838
-1.01016244706301
-1.01142315849535
-1.00964075720092
-1.00554923121802
-1.00510580880559
-1.00525847913903
-1.00583462916101
-1.00770911812128
-1.00718397633844
-1.00684281705004
-1.00800359508816
-1.00896353457122
-1.0125255048971
-1.01452657077727
-1.01143930579984
-1.0056048344511
-1.00365677379789
-1.00596260454505
-1.00795338240667
-1.00916100561387
-1.00878930194009
-1.0106138830429
-1.01217752971959
-1.01275816111001
-1.0169587365097
-1.01858884014313
-1.01508855107532
-1.00588613366228
-1.00087473680065
-1.00306442872977
-1.00306301002309
-1.003469184109
-1.00403134653294
-1.00495526054729
-1.00459524570895
-1.00418358731024
-1.00673239271402
