13.8716802347909
13.9638794191061
14.0368153263231
14.0516060673844
14.030065311117
14.0075833698274
13.9902343515398
13.9759936356288
13.9431272240593
13.8997141258807
13.8539599454553
13.8481060373655
13.8884981665538
13.9609474772835
14.0235517394099
14.0584199840525
14.0311505334979
13.995010952717
13.9770527093311
13.966493654877
13.9314127276069
13.8918367755389
13.8546562170338
13.8567336371558
13.8927768716381
13.9689389015702
14.0463158565882
14.0421846939649
14.0169990640974
13.9877158803367
13.9698105307118
13.957619655795
13.9229655913641
13.8728852506891
13.829046459112
13.8133387662466
13.8660301422566
13.94807947883
14.0229268965987
14.0336465872742
14.0220556867383
14.0034243528164
13.9935051889506
13.9724027979552
13.9434407140721
13.9174663863797
13.8859128427277
13.8746444853485
13.8952309284317
13.9733543871536
14.0543137313908
14.0588524405926
14.0221310123633
14.0034765734515
13.9879041607216
13.963456159307
13.9096674288796
13.8665548517261
13.8202559522001
13.8138649175222
13.8767362848003
13.9690281851062
14.0433679992721
14.0529453708182
14.0074073698979
13.9834010089406
13.9671856544926
13.9510824966259
13.9245559723112
13.9051975799462
13.8629147481337
13.8305854172864
13.8956763830543
13.9660078333309
14.0183959855864
14.0290419368653
14.0087677620194
13.9680913142146
13.9302756051421
13.9151071339623
13.8935185347241
13.8601132689929
13.825432651952
13.7987357868725
13.8326240699026
13.9175692606138
14.0131711544156
14.0326903143704
13.9905475428012
13.9567653051832
13.9390050071513
13.9192518762651
13.8857076353884
13.8448213212504
13.8155616956943
13.8112088500664
13.8252667141356
13.9298882452631
13.9907723603681
14.0172970753215
13.9883835341232
13.9628411455454
13.9513381791663
13.9394220764312
13.9148626358979
13.870275246898
13.834809338822
13.8236633126585
13.8687747714239
13.941678537914
14.0393817844832
14.0510974943051
14.0224073330155
14.011497328177
14.0029614030603
13.9957537194964
13.9734373886714
13.935976844305
13.8969591422625
13.8685944935394
13.8765330424268
13.9438631574417
14.0249013941687
14.0426284959217
14.0086729503436
13.9918322659837
13.9783856823357
13.964256515436
13.9382859600831
13.9056144305174
13.8655818277306
13.8381161368457
13.8718498503964
13.9456137126963
14.0056942830617
14.0184033998186
13.9845660007978
13.958060547792
13.9395369993471
13.9283564202121
13.8897153322836
13.8252627890892
13.7914377286592
13.7903308657679
13.853916889819
13.9569582955959
14.0604481905303
14.0628421167415
14.0458492495911
14.0232691180398
14.0214617995212
14.0123681280676
13.9869796844106
13.9482387109214
13.9063366649055
13.8848557930718
13.9073148615259
13.9657674226975
14.0028873420848
14.0499986582713
14.0138102720153
13.9895664835416
13.9748892927728
13.9710674962824
13.9352096016023
13.9039729844831
13.8849324602785
13.8615645635746
13.8929310362963
13.9432148184705
14.010994437637
14.032276078817
14.0305419369263
14.0060822725636
13.9928861454332
13.996925979409
13.970509011651
13.9391458220787
13.902381578929
13.8730327970484
13.8948273599013
13.9595833940912
14.0075233302154
14.026033541492
14.0181191717527
13.9850875691846
13.9770473898436
13.9723269285618
13.9369667298403
13.8858398968847
13.8639984864213
13.8544377496117
13.9040481499158
13.9741474475284
14.0540211613186
14.0845869906452
14.0582878081086
14.0274298727974
14.0172631031657
14.0039869973046
13.9674882519735
13.9163667091629
13.8898465825665
13.8683112540861
13.8915128566699
13.9782861222927
14.0658644676055
14.0867624142586
14.0626917054156
14.0384647113212
14.0218917013186
14.0078475965355
13.9699758265048
13.9316103558934
13.8894749614272
13.8733488390574
13.9150148678686
13.9938621249647
14.0484368296773
14.0668175079551
14.0429789979029
14.0204008672232
13.9968069976542
13.9803229167935
13.9370641603665
13.9082254317667
13.8632009923133
13.8507139684245
13.8886529084788
13.9595783397613
14.0652064918613
14.0692797085683
14.0601482218921
14.0227879348643
14.0068701369824
13.9832086027308
13.9548429812561
13.9155734125313
13.8947902392642
13.8833075492355
13.9125392025648
13.9950994936761
14.0707768497314
14.0991582453131
14.062026467062
14.0408399141923
14.0234367064619
13.9999620674641
13.9550615824365
13.9229676456578
13.8919890753942
13.8799026352234
13.9030579856865
13.9565485016205
14.0222759905662
14.041682200714
14.0091431742696
13.9667189360551
13.9384387505718
13.8891638609093
13.8471278924991
13.7965387500673
13.7382438284746
13.7443139276556
13.8445300762887
13.9470351220409
14.0522323676644
14.1143936831821
14.0712264537602
14.0337647136738
14.0130422955791
13.9818422189891
13.9451118452513
13.9256815602803
13.9023310127776
13.8932303121965
13.9192421377252
13.9911252920592
14.0497718350267
14.0832781141207
14.0726269320674
14.0478367397831
14.0181106091279
13.9939478223447
13.9492966214932
13.9201488455483
13.8815197329612
13.8611492110632
13.9010006268192
13.9815661532359
14.0273786854447
14.05531175971
14.0257264012622
13.9899928842335
13.9737950082253
13.9521639238045
13.9213985315719
13.8850799257092
13.8322018935774
13.8288908039907
13.8803554125718
13.9546513830889
14.0559604701509
14.0732672352622
14.0413028450258
14.0098433281378
13.9878762464682
13.9681316666659
13.9260565435241
13.8858244898385
13.8500986592444
13.8248917161085
13.8633738125993
13.9618854369266
14.0531356236632
14.0799185229101
14.0613739251799
14.0220854375576
13.9904307690369
13.9583540982291
13.9205365308429
13.8827955252927
13.8516010815383
13.8634373923414
13.9033613927768
13.9772643632156
14.0576007790405
14.0771787795387
14.0673184961588
14.0429453416129
14.029784008978
14.0084575193663
13.9706823512351
13.9515607992802
13.9131954508656
13.8887889534257
13.9134352438689
13.9680713755909
14.0193591858489
14.0252561185467
14.0107769449891
13.9936694240422
13.9757176350953
13.9617708077732
13.9304317361625
13.8863502325278
13.8405690693416
13.827204172276
13.8647877898627
13.9429832162842
14.0205914555807
14.0437712579928
13.9987976466054
13.9729162489665
13.9588132897296
13.9506129071806
13.9250521530287
13.8762834434339
13.8332775281239
13.8036936188288
13.8384589181701
13.9195685939695
14.0161182709316
14.0448403165819
14.0059976108174
13.9654360516896
13.951299336295
13.9433168408305
13.9134442557478
13.8536994698652
13.8147919144997
13.7875771898518
13.8286758041118
13.9363598333614
14.0417122875109
14.0501791825629
14.0112958017831
13.9769297588944
13.9505161881935
13.9300483033837
13.9068881925484
13.8683644195046
13.8379421961828
13.8140667656851
13.8338185507474
13.9234379813389
14.0278609377043
14.0492433883483
14.0295119566766
13.9828692175853
13.9548634729791
13.9283830480925
13.8875700629181
13.8542018573961
13.8121996894118
13.8069079186979
13.8774442474761
13.9584323586687
14.018364553979
14.0443674787455
14.0195085031979
13.9799600785112
13.9497810182341
13.9092372662453
13.8717689986245
13.8222655974714
13.7699601142994
13.7672665763672
13.8252995712416
13.9154284189606
14.0003174986299
14.0414382403299
14.0153552066329
13.9940555154127
13.9675170944037
13.9547962339731
13.9270372830086
13.8971332731542
13.8471280136836
13.8370967233331
13.8709530238053
13.9295852234771
14.02552507996
14.0380661689908
14.0252012557167
13.9902117585632
13.9732713401204
13.9580502702835
13.9222402967633
13.8857155912922
13.8417058216001
13.8278349390736
13.8636357209543
13.9509940785046
14.0188595760258
14.0288198385709
14.0283061600585
13.9901331171619
13.9727870440167
13.9403016699453
13.8814072568165
13.83443749581
13.8042577810148
13.8006595890549
13.8785571953358
13.9747795315393
14.0833257153857
14.1143289600223
14.1000486986832
14.0583467301745
14.0408418653744
14.014111670093
13.9758694729791
13.9399727100373
13.9210702644746
13.9223912106053
13.962266869046
14.0160049491893
14.0791839443514
14.0888215868795
14.0672842743557
14.028986840738
14.0082328268214
13.9889601111684
13.959598908792
13.913158382094
13.8814014843974
13.8700434621785
13.89528821577
13.9648677996503
14.0312821938645
14.0516031271069
14.0356498569103
14.0147648391991
13.9958154059826
13.9813546705367
13.9525154973934
13.9103958464808
13.8742107216332
13.8684179925192
13.8978165936699
13.9805668991432
14.0424988336583
14.0575565308191
14.0457457001457
14.0175571923058
13.9966596182192
13.998308033825
13.9679860392305
13.9252969666592
13.8798671246291
13.8747098162872
13.9008403898482
13.9703789025459
14.0310770492
14.0587245029276
14.0315396506269
14.0052585659829
13.9954536822917
13.9816148059579
13.9437985022049
13.8924203818422
13.8613038403682
13.8625376289084
13.891663016427
13.9900280036119
14.0578528196016
14.0766745326764
14.0649351819779
14.0459488545753
14.0239842123776
14.0092423072849
13.9763258534527
13.933019370855
13.8937147433934
13.8793499546004
13.9122158173547
13.9809630383882
14.048602103426
14.066748364442
14.0538185861199
14.026328803416
14.0015756728392
13.9776303237341
13.9348200766918
13.8947551720396
13.8493610545012
13.8391489738597
13.8788699834003
13.965856391479
14.0280122975053
14.0731026027687
14.0460336990705
14.0248568394013
14.0039427848979
13.9983208045084
13.9611563744961
13.917802427463
13.8795985961211
13.870121687219
13.9285032388851
14.0025487903087
14.0467694973917
14.0452039086771
14.0293237366813
13.9971928184224
13.9830491760651
13.9627041994597
13.9166228594395
13.8768212505893
13.8226553128267
13.8142675110423
13.8897136510444
13.9852297871108
14.0542301023158
14.054742660673
14.0547612199253
14.0187068398823
14.0105366182779
14.006637649248
13.9849519870975
13.9389201398602
13.8972534433582
13.8871778144886
13.9202245631355
13.9847668654915
14.038942205776
14.0308527116616
14.0312177820782
14.0101957925257
13.9921456983746
13.9870177349257
13.9667688510575
13.9172353177428
13.8758020295306
13.8599209098891
13.8942524000678
13.978053632005
14.0447932523055
14.0515874348142
14.017366336969
13.9835802909824
13.9722311075024
13.9596717149013
13.9189667771053
13.871895122744
13.8313814154889
13.8186369441119
13.8694519391093
13.9660697583227
14.0654646297953
14.0832703613623
14.0544724297606
14.0444368690296
14.0387746079643
14.0212787285215
13.9908719313478
13.9613848912136
13.9352317730858
13.9063800326869
