Bigeye Mahi BlueShark Skipjack Yellowfin Albacore StripedMarlin Wahoo Swordfish BlueMarlin Lancetfish Opah
1961.04166666667 13.61 22.1 9.645 16.96 18.14 12.46 19.48 22.2 8.607 19.48 8.607 14.03
1961.125 13.59 21.74 9.635 16.92 18.07 12.44 19.37 21.91 8.598 19.37 8.598 14.05
1961.20833333333 13.58 21.72 9.635 16.9 18.05 12.44 19.33 21.99 8.598 19.33 8.598 14.04
1961.29166666667 13.6 21.83 9.639 16.93 18.08 12.45 19.36 22.13 8.601 19.36 8.601 14.04
1961.375 13.62 22.18 9.648 16.98 18.14 12.47 19.44 22.8 8.609 19.44 8.609 14.01
1961.45833333333 13.68 22.66 9.678 17.07 18.25 12.52 19.57 23.79 8.634 19.57 8.634 13.98
1961.54166666667 13.77 23.17 9.729 17.22 18.43 12.59 19.8 24.66 8.678 19.8 8.678 14.01
1961.625 13.87 23.62 9.784 17.38 18.61 12.68 20.03 25.38 8.724 20.03 8.724 14.05
1961.70833333333 13.93 23.85 9.819 17.48 18.73 12.73 20.18 25.58 8.752 20.18 8.752 14.09
1961.79166666667 13.91 23.8 9.803 17.45 18.71 12.71 20.16 25.06 8.738 20.16 8.738 14.09
1961.875 13.81 23.39 9.746 17.3 18.54 12.62 19.97 24.1 8.69 19.97 8.69 14.06
1961.95833333333 13.7 22.75 9.691 17.13 18.33 12.54 19.71 23.06 8.644 19.71 8.644 14.05
1962.04166666667 13.58 22.16 9.623 16.94 18.1 12.43 19.42 22.32 8.587 19.42 8.587 13.99
1962.125 13.51 21.74 9.582 16.82 17.96 12.37 19.23 21.9 8.552 19.23 8.552 13.95
1962.20833333333 13.47 21.63 9.559 16.76 17.89 12.33 19.16 21.83 8.534 19.16 8.534 13.91
1962.29166666667 13.47 21.78 9.558 16.77 17.91 12.33 19.18 22.11 8.534 19.18 8.534 13.88
1962.375 13.52 22.16 9.584 16.87 18.02 12.38 19.32 22.8 8.555 19.32 8.555 13.88
1962.45833333333 13.58 22.62 9.611 16.96 18.13 12.42 19.45 23.73 8.578 19.45 8.578 13.86
1962.54166666667 13.65 23.12 9.65 17.08 18.27 12.48 19.63 24.65 8.61 19.63 8.61 13.86
1962.625 13.78 23.59 9.723 17.28 18.51 12.59 19.92 25.39 8.672 19.92 8.672 13.95
1962.70833333333 13.83 23.86 9.75 17.36 18.6 12.64 20.04 25.66 8.694 20.04 8.694 13.97
1962.79166666667 13.83 23.84 9.749 17.36 18.6 12.63 20.04 25.11 8.693 20.04 8.693 13.99
1962.875 13.76 23.46 9.711 17.24 18.46 12.58 19.87 24.08 8.662 19.87 8.662 14
1962.95833333333 13.7 22.77 9.686 17.14 18.33 12.53 19.7 23.03 8.641 19.7 8.641 14.07
1963.04166666667 13.6 22.11 9.628 16.98 18.14 12.45 19.46 22.24 8.592 19.46 8.592 14.04
1963.125 13.53 21.77 9.587 16.87 18.01 12.38 19.29 22 8.558 19.29 8.558 13.98
1963.20833333333 13.52 21.77 9.578 16.85 17.99 12.37 19.26 22.15 8.551 19.26 8.551 13.95
1963.29166666667 13.53 21.98 9.584 16.9 18.05 12.38 19.35 22.46 8.555 19.35 8.555 13.95
1963.375 13.57 22.36 9.599 16.96 18.13 12.41 19.45 23.07 8.568 19.45 8.568 13.92
1963.45833333333 13.61 22.87 9.621 17.04 18.23 12.44 19.58 24.02 8.586 19.58 8.586 13.88
1963.54166666667 13.68 23.34 9.659 17.15 18.36 12.5 19.75 24.81 8.617 19.75 8.617 13.87
1963.625 13.75 23.78 9.7 17.26 18.5 12.56 19.93 25.46 8.652 19.93 8.652 13.89
1963.70833333333 13.85 24.12 9.758 17.42 18.68 12.65 20.15 25.92 8.701 20.15 8.701 13.96
1963.79166666667 13.85 24.16 9.754 17.42 18.69 12.65 20.17 25.55 8.697 20.17 8.697 13.97
1963.875 13.79 23.86 9.72 17.32 18.57 12.6 20.02 24.66 8.669 20.02 8.669 13.98
1963.95833333333 13.67 23.22 9.657 17.12 18.33 12.5 19.73 23.56 8.617 19.73 8.617 13.96
1964.04166666667 13.6 22.53 9.623 16.99 18.16 12.44 19.5 22.68 8.589 19.5 8.589 13.97
1964.125 13.54 22.13 9.598 16.88 18.02 12.39 19.32 22.27 8.569 19.32 8.569 13.95
1964.20833333333 13.51 21.97 9.582 16.83 17.96 12.37 19.24 22.19 8.554 19.24 8.554 13.92
1964.29166666667 13.51 21.99 9.581 16.83 17.97 12.37 19.25 22.3 8.554 19.25 8.554 13.92
1964.375 13.56 22.27 9.605 16.92 18.07 12.41 19.37 22.85 8.574 19.37 8.574 13.92
1964.45833333333 13.65 22.78 9.653 17.07 18.25 12.48 19.59 23.84 8.615 19.59 8.615 13.94
1964.54166666667 13.74 23.22 9.704 17.21 18.42 12.56 19.8 24.68 8.657 19.8 8.657 13.98
1964.625 13.8 23.63 9.734 17.31 18.54 12.61 19.95 25.41 8.681 19.95 8.681 13.97
1964.70833333333 13.82 23.82 9.745 17.35 18.59 12.63 20.03 25.51 8.689 20.03 8.689 13.97
1964.79166666667 13.81 23.7 9.741 17.34 18.57 12.62 20.01 24.87 8.686 20.01 8.686 14
1964.875 13.75 23.21 9.705 17.23 18.46 12.57 19.86 23.81 8.656 19.86 8.656 14.03
1964.95833333333 13.7 22.73 9.678 17.16 18.37 12.53 19.75 23.06 8.633 19.75 8.633 14.07
1965.04166666667 13.61 22.22 9.62 17.01 18.2 12.44 19.54 22.42 8.584 19.54 8.584 14.03
1965.125 13.51 21.77 9.57 16.85 18.01 12.36 19.3 21.92 8.543 19.3 8.543 13.96
1965.20833333333 13.46 21.59 9.545 16.78 17.92 12.32 19.19 21.79 8.523 19.19 8.523 13.92
1965.29166666667 13.46 21.79 9.546 16.79 17.94 12.32 19.23 22.21 8.524 19.23 8.524 13.88
1965.375 13.47 22.16 9.548 16.82 17.99 12.33 19.3 22.81 8.526 19.3 8.526 13.82
1965.45833333333 13.53 22.65 9.58 16.92 18.11 12.38 19.45 23.67 8.553 19.45 8.553 13.81
1965.54166666667 13.63 23.19 9.634 17.08 18.3 12.46 19.69 24.67 8.599 19.69 8.599 13.84
1965.625 13.71 23.73 9.681 17.22 18.46 12.53 19.9 25.55 8.638 19.9 8.638 13.85
1965.70833333333 13.76 24.02 9.707 17.29 18.55 12.57 20.01 25.75 8.66 20.01 8.66 13.85
1965.79166666667 13.77 23.99 9.715 17.32 18.58 12.58 20.05 25.18 8.666 20.05 8.666 13.91
1965.875 13.72 23.65 9.688 17.24 18.49 12.54 19.95 24.35 8.643 19.95 8.643 13.94
1965.95833333333 13.59 22.89 9.618 17.02 18.23 12.43 19.62 23.18 8.585 19.62 8.585 13.91
1966.04166666667 13.5 22.27 9.575 16.86 18.02 12.36 19.34 22.43 8.551 19.34 8.551 13.88
1966.125 13.44 21.82 9.548 16.75 17.89 12.31 19.17 21.97 8.529 19.17 8.529 13.87
1966.20833333333 13.41 21.72 9.532 16.7 17.82 12.28 19.07 22.05 8.515 19.07 8.515 13.82
1966.29166666667 13.45 21.84 9.554 16.75 17.88 12.32 19.13 22.31 8.534 19.13 8.534 13.85
1966.375 13.5 22.23 9.576 16.84 17.99 12.36 19.27 23.01 8.552 19.27 8.552 13.84
1966.45833333333 13.58 22.75 9.615 16.97 18.14 12.42 19.46 24 8.583 19.46 8.583 13.84
1966.54166666667 13.68 23.26 9.668 17.13 18.32 12.51 19.68 24.87 8.628 19.68 8.628 13.87
1966.625 13.76 23.65 9.712 17.26 18.48 12.57 19.88 25.42 8.665 19.88 8.665 13.91
1966.70833333333 13.79 23.89 9.728 17.3 18.54 12.6 19.96 25.64 8.679 19.96 8.679 13.9
1966.79166666667 13.8 23.85 9.734 17.32 18.56 12.6 19.99 25.13 8.684 19.99 8.684 13.94
1966.875 13.76 23.51 9.715 17.27 18.51 12.58 19.93 24.25 8.667 19.93 8.667 14
1966.95833333333 13.68 22.94 9.664 17.14 18.35 12.5 19.73 23.28 8.624 19.73 8.624 14.01
1967.04166666667 13.59 22.19 9.623 16.99 18.16 12.43 19.48 22.34 8.59 19.48 8.59 14.02
1967.125 13.58 21.86 9.614 16.95 18.11 12.42 19.4 22.02 8.582 19.4 8.582 14.05
1967.20833333333 13.54 21.76 9.588 16.91 18.07 12.39 19.35 22 8.56 19.35 8.56 14.01
1967.29166666667 13.57 21.97 9.6 16.97 18.14 12.41 19.45 22.41 8.569 19.45 8.569 14
1967.375 13.63 22.39 9.628 17.07 18.27 12.46 19.61 23.07 8.592 19.61 8.592 14.01
1967.45833333333 13.69 22.92 9.664 17.19 18.41 12.51 19.78 24.03 8.623 19.78 8.623 14
1967.54166666667 13.75 23.4 9.695 17.29 18.52 12.56 19.92 24.93 8.649 19.92 8.649 13.98
1967.625 13.86 23.85 9.756 17.46 18.72 12.65 20.17 25.68 8.701 20.17 8.701 14.04
1967.70833333333 13.94 24.21 9.802 17.58 18.87 12.72 20.36 26.1 8.739 20.36 8.739 14.08
1967.79166666667 13.94 24.22 9.804 17.58 18.87 12.72 20.36 25.59 8.741 20.36 8.741 14.1
1967.875 13.89 23.8 9.779 17.49 18.77 12.68 20.24 24.55 8.72 20.24 8.72 14.15
1967.95833333333 13.77 23.07 9.714 17.3 18.55 12.58 19.97 23.36 8.664 19.97 8.664 14.14
1968.04166666667 13.63 22.36 9.636 17.08 18.28 12.46 19.64 22.52 8.6 19.64 8.6 14.06
1968.125 13.59 21.98 9.615 17.02 18.2 12.43 19.53 22.18 8.582 19.53 8.582 14.06
1968.20833333333 13.57 21.81 9.6 16.97 18.14 12.41 19.43 22.06 8.569 19.43 8.569 14.04
1968.29166666667 13.57 22.01 9.603 16.98 18.15 12.41 19.46 22.48 8.572 19.46 8.572 14
1968.375 13.63 22.43 9.633 17.09 18.29 12.46 19.64 23.21 8.596 19.64 8.596 14.01
1968.45833333333 13.72 22.99 9.678 17.23 18.45 12.53 19.84 24.3 8.634 19.84 8.634 14.02
1968.54166666667 13.79 23.54 9.713 17.34 18.59 12.59 20 25.24 8.663 20 8.663 14
1968.625 13.88 24.04 9.763 17.49 18.76 12.67 20.22 25.97 8.705 20.22 8.705 14.03
1968.70833333333 13.95 24.38 9.803 17.61 18.9 12.73 20.4 26.33 8.738 20.4 8.738 14.07
1968.79166666667 13.94 24.32 9.801 17.6 18.9 12.72 20.4 25.65 8.737 20.4 8.737 14.1
1968.875 13.9 23.98 9.781 17.53 18.81 12.69 20.28 24.65 8.72 20.28 8.72 14.15
1968.95833333333 13.83 23.28 9.747 17.41 18.66 12.63 20.08 23.47 8.692 20.08 8.692 14.21
1969.04166666667 13.71 22.49 9.681 17.22 18.43 12.53 19.8 22.58 8.637 19.8 8.637 14.17
1969.125 13.63 22.07 9.635 17.07 18.26 12.46 19.58 22.25 8.6 19.58 8.6 14.1
1969.20833333333 13.6 21.92 9.626 17.02 18.18 12.44 19.47 22.1 8.592 19.47 8.592 14.08
1969.29166666667 13.6 22.02 9.627 17.01 18.16 12.44 19.44 22.33 8.593 19.44 8.593 14.06
1969.375 13.67 22.35 9.661 17.1 18.27 12.49 19.56 22.99 8.621 19.56 8.621 14.07
1969.45833333333 13.75 22.82 9.704 17.23 18.42 12.56 19.74 23.83 8.658 19.74 8.658 14.09
1969.54166666667 13.87 23.32 9.77 17.42 18.64 12.66 20 24.7 8.712 20 8.712 14.15
1969.625 13.95 23.77 9.814 17.56 18.81 12.73 20.22 25.29 8.748 20.22 8.748 14.19
1969.70833333333 13.97 24.06 9.82 17.6 18.85 12.75 20.29 25.55 8.752 20.29 8.752 14.17
1969.79166666667 13.95 24.05 9.811 17.57 18.83 12.74 20.26 25.1 8.744 20.26 8.744 14.17
1969.875 13.88 23.62 9.772 17.45 18.69 12.68 20.09 24.12 8.711 20.09 8.711 14.19
1969.95833333333 13.81 22.81 9.733 17.31 18.51 12.61 19.85 22.95 8.679 19.85 8.679 14.23
1970.04166666667 13.73 22.14 9.696 17.19 18.35 12.55 19.63 22.27 8.648 19.63 8.648 14.23
1970.125 13.68 21.71 9.668 17.09 18.22 12.51 19.45 21.83 8.626 19.45 8.626 14.22
1970.20833333333 13.69 21.55 9.675 17.08 18.19 12.52 19.4 21.79 8.632 19.4 8.632 14.23
1970.29166666667 13.69 21.72 9.674 17.08 18.19 12.52 19.39 22.18 8.631 19.39 8.631 14.19
1970.375 13.73 22.07 9.695 17.14 18.26 12.55 19.48 22.85 8.649 19.48 8.649 14.18
1970.45833333333 13.82 22.55 9.743 17.28 18.42 12.62 19.67 23.73 8.689 19.67 8.689 14.2
1970.54166666667 13.92 23.07 9.799 17.44 18.61 12.71 19.91 24.61 8.736 19.91 8.736 14.24
1970.625 13.98 23.51 9.832 17.55 18.75 12.76 20.09 25.3 8.763 20.09 8.763 14.24
1970.70833333333 14.02 23.78 9.851 17.62 18.84 12.79 20.22 25.51 8.779 20.22 8.779 14.25
1970.79166666667 13.98 23.73 9.829 17.57 18.8 12.76 20.18 24.95 8.759 20.18 8.759 14.23
1970.875 13.91 23.35 9.79 17.47 18.68 12.7 20.04 23.94 8.726 20.04 8.726 14.25
1970.95833333333 13.83 22.74 9.746 17.34 18.53 12.63 19.86 22.98 8.689 19.86 8.689 14.26
1971.04166666667 13.7 21.98 9.676 17.14 18.29 12.52 19.57 22.11 8.63 19.57 8.63 14.21
1971.125 13.62 21.61 9.627 17.01 18.15 12.45 19.39 21.72 8.589 19.39 8.589 14.15
1971.20833333333 13.59 21.44 9.611 16.96 18.08 12.43 19.3 21.62 8.576 19.3 8.576 14.13
1971.29166666667 13.61 21.6 9.62 17 18.13 12.44 19.36 21.92 8.583 19.36 8.583 14.13
1971.375 13.64 22.01 9.634 17.07 18.21 12.47 19.47 22.68 8.594 19.47 8.594 14.09
1971.45833333333 13.69 22.47 9.659 17.14 18.29 12.51 19.57 23.5 8.615 19.57 8.615 14.06
1971.54166666667 13.78 22.99 9.709 17.28 18.47 12.58 19.79 24.49 8.657 19.79 8.657 14.08
1971.625 13.84 23.48 9.743 17.39 18.6 12.63 19.98 25.32 8.686 19.98 8.686 14.06
1971.70833333333 13.87 23.77 9.764 17.45 18.68 12.66 20.09 25.55 8.704 20.09 8.704 14.06
1971.79166666667 13.86 23.67 9.753 17.43 18.66 12.65 20.08 24.89 8.695 20.08 8.695 14.08
1971.875 13.77 23.24 9.705 17.29 18.51 12.57 19.9 23.85 8.655 19.9 8.655 14.07
1971.95833333333 13.67 22.62 9.653 17.13 18.32 12.49 19.68 22.87 8.611 19.68 8.611 14.07
1972.04166666667 13.56 21.97 9.595 16.96 18.12 12.4 19.43 22.07 8.564 19.43 8.564 14.02
1972.125 13.5 21.63 9.568 16.87 18.02 12.35 19.31 21.76 8.541 19.31 8.541 13.99
1972.20833333333 13.49 21.66 9.56 16.86 18 12.34 19.28 21.93 8.535 19.28 8.535 13.97
1972.29166666667 13.52 21.86 9.572 16.9 18.05 12.36 19.34 22.26 8.545 19.34 8.545 13.96
1972.375 13.57 22.28 9.601 17 18.16 12.41 19.48 22.98 8.569 19.48 8.569 13.96
1972.45833333333 13.65 22.78 9.641 17.12 18.31 12.47 19.66 23.84 8.603 19.66 8.603 13.97
1972.54166666667 13.72 23.29 9.683 17.24 18.46 12.53 19.84 24.76 8.638 19.84 8.638 13.97
1972.625 13.82 23.82 9.736 17.4 18.64 12.62 20.08 25.63 8.683 20.08 8.683 14
1972.70833333333 13.87 24.15 9.763 17.47 18.74 12.66 20.21 25.84 8.706 20.21 8.706 14
1972.79166666667 13.87 24.12 9.763 17.48 18.75 12.66 20.22 25.32 8.706 20.22 8.706 14.04
1972.875 13.78 23.7 9.715 17.34 18.58 12.58 20.02 24.25 8.666 20.02 8.666 14.04
1972.95833333333 13.66 22.96 9.653 17.14 18.34 12.49 19.71 23.2 8.614 19.71 8.614 14.02
1973.04166666667 13.57 22.21 9.607 16.98 18.14 12.41 19.45 22.32 8.577 19.45 8.577 14.01
1973.125 13.54 21.69 9.598 16.9 18.02 12.39 19.28 21.83 8.571 19.28 8.571 14.03
1973.20833333333 13.55 21.54 9.608 16.89 18.01 12.4 19.22 21.84 8.58 19.22 8.58 14.05
1973.29166666667 13.58 21.65 9.623 16.93 18.04 12.42 19.24 22.08 8.593 19.24 8.593 14.06
1973.375 13.64 22.03 9.652 17.02 18.14 12.47 19.36 22.75 8.616 19.36 8.616 14.06
1973.45833333333 13.71 22.55 9.691 17.14 18.28 12.53 19.54 23.68 8.648 19.54 8.648 14.06
1973.54166666667 13.8 23.04 9.744 17.28 18.45 12.61 19.75 24.59 8.693 19.75 8.693 14.08
1973.625 13.87 23.48 9.782 17.4 18.59 12.67 19.93 25.25 8.724 19.93 8.724 14.09
1973.70833333333 13.92 23.74 9.803 17.47 18.68 12.71 20.06 25.42 8.741 20.06 8.741 14.11
1973.79166666667 13.91 23.7 9.796 17.47 18.68 12.7 20.08 24.88 8.735 20.08 8.735 14.13
1973.875 13.85 23.36 9.764 17.39 18.6 12.65 19.98 24.01 8.707 19.98 8.707 14.16
1973.95833333333 13.79 22.74 9.729 17.29 18.48 12.6 19.82 23 8.679 19.82 8.679 14.21
1974.04166666667 13.7 22.11 9.679 17.15 18.32 12.52 19.61 22.29 8.637 19.61 8.637 14.19
1974.125 13.65 21.86 9.647 17.07 18.22 12.48 19.49 22 8.609 19.49 8.609 14.16
1974.20833333333 13.65 21.79 9.647 17.07 18.23 12.48 19.5 22 8.609 19.5 8.609 14.17
1974.29166666667 13.68 21.93 9.658 17.12 18.28 12.5 19.56 22.23 8.618 19.56 8.618 14.18
1974.375 13.72 22.3 9.684 17.2 18.38 12.54 19.69 22.87 8.64 19.69 8.64 14.17
1974.45833333333 13.76 22.77 9.7 17.26 18.46 12.56 19.79 23.7 8.653 19.79 8.653 14.13
1974.54166666667 13.84 23.27 9.747 17.4 18.62 12.63 20 24.61 8.693 20 8.693 14.14
1974.625 13.94 23.69 9.804 17.56 18.81 12.72 20.24 25.31 8.741 20.24 8.741 14.19
1974.70833333333 13.96 23.99 9.816 17.61 18.88 12.74 20.35 25.63 8.751 20.35 8.751 14.17
1974.79166666667 13.94 23.95 9.803 17.57 18.84 12.72 20.31 25.07 8.739 20.31 8.739 14.16
1974.875 13.9 23.56 9.785 17.5 18.76 12.69 20.2 24.08 8.723 20.2 8.723 14.22
1974.95833333333 13.86 22.95 9.764 17.42 18.66 12.65 20.06 23.12 8.706 20.06 8.706 14.29
1975.04166666667 13.79 22.28 9.729 17.29 18.49 12.6 19.84 22.35 8.676 19.84 8.676 14.3
1975.125 13.68 21.85 9.67 17.12 18.29 12.51 19.59 21.94 8.626 19.59 8.626 14.21
1975.20833333333 13.62 21.69 9.637 17.01 18.15 12.45 19.41 21.86 8.599 19.41 8.599 14.13
1975.29166666667 13.64 21.71 9.65 17.03 18.17 12.47 19.43 21.96 8.611 19.43 8.611 14.15
1975.375 13.7 22.03 9.683 17.13 18.28 12.52 19.55 22.6 8.638 19.55 8.638 14.17
1975.45833333333 13.76 22.49 9.715 17.24 18.41 12.58 19.71 23.43 8.665 19.71 8.665 14.16
1975.54166666667 13.86 23 9.766 17.38 18.58 12.66 19.93 24.32 8.707 19.93 8.707 14.18
1975.625 13.93 23.41 9.808 17.5 18.73 12.72 20.12 24.99 8.743 20.12 8.743 14.2
1975.70833333333 13.95 23.61 9.813 17.54 18.78 12.73 20.19 25.09 8.747 20.19 8.747 14.19
1975.79166666667 13.92 23.61 9.798 17.5 18.73 12.71 20.15 24.73 8.733 20.15 8.733 14.17
1975.875 13.88 23.25 9.776 17.42 18.64 12.67 20.04 23.83 8.716 20.04 8.716 14.21
1975.95833333333 13.78 22.63 9.726 17.27 18.47 12.6 19.83 22.85 8.674 19.83 8.674 14.21
1976.04166666667 13.7 22.05 9.678 17.13 18.3 12.52 19.61 22.18 8.633 19.61 8.633 14.18
1976.125 13.64 21.67 9.644 17.03 18.19 12.47 19.47 21.82 8.604 19.47 8.604 14.16
1976.20833333333 13.6 21.6 9.62 16.98 18.13 12.44 19.4 21.79 8.583 19.4 8.583 14.11
1976.29166666667 13.58 21.75 9.612 16.96 18.11 12.42 19.38 22.07 8.576 19.38 8.576 14.06
1976.375 13.62 22.1 9.634 17.03 18.19 12.46 19.48 22.62 8.595 19.48 8.595 14.05
1976.45833333333 13.67 22.6 9.661 17.11 18.3 12.5 19.62 23.59 8.618 19.62 8.618 14.02
1976.54166666667 13.75 23.15 9.705 17.24 18.45 12.57 19.81 24.54 8.655 19.81 8.655 14.01
1976.625 13.85 23.67 9.759 17.39 18.63 12.65 20.04 25.39 8.701 20.04 8.701 14.04
1976.70833333333 13.91 24.02 9.796 17.5 18.76 12.7 20.22 25.73 8.732 20.22 8.732 14.06
1976.79166666667 13.87 24 9.769 17.44 18.7 12.66 20.16 25.23 8.709 20.16 8.709 14.03
1976.875 13.77 23.55 9.718 17.28 18.52 12.58 19.94 24.18 8.666 19.94 8.666 14.02
1976.95833333333 13.68 22.92 9.672 17.13 18.34 12.51 19.71 23.21 8.628 19.71 8.628 14.02
1977.04166666667 13.62 22.24 9.644 17.01 18.18 12.46 19.5 22.35 8.606 19.5 8.606 14.05
1977.125 13.57 21.84 9.623 16.92 18.06 12.42 19.32 21.98 8.589 19.32 8.589 14.03
1977.20833333333 13.56 21.62 9.621 16.88 18.01 12.41 19.24 21.85 8.588 19.24 8.588 14.04
1977.29166666667 13.57 21.68 9.625 16.91 18.04 12.43 19.28 21.99 8.59 19.28 8.59 14.04
1977.375 13.62 22.09 9.643 16.99 18.13 12.46 19.39 22.78 8.605 19.39 8.605 14.02
1977.45833333333 13.68 22.61 9.676 17.09 18.25 12.51 19.54 23.73 8.633 19.54 8.633 14
1977.54166666667 13.76 23.16 9.725 17.22 18.41 12.58 19.74 24.68 8.674 19.74 8.674 14
1977.625 13.87 23.7 9.785 17.4 18.62 12.68 20.01 25.64 8.725 20.01 8.725 14.04
1977.70833333333 13.94 24.03 9.819 17.5 18.75 12.73 20.19 25.97 8.754 20.19 8.754 14.07
1977.79166666667 13.88 24.01 9.785 17.43 18.68 12.68 20.12 25.46 8.724 20.12 8.724 14.02
1977.875 13.8 23.61 9.742 17.3 18.53 12.61 19.95 24.35 8.689 19.95 8.689 14.02
1977.95833333333 13.74 23.05 9.712 17.21 18.42 12.57 19.8 23.38 8.663 19.8 8.663 14.08
1978.04166666667 13.67 22.38 9.675 17.08 18.26 12.51 19.59 22.57 8.633 19.59 8.633 14.09
1978.125 13.64 21.96 9.662 17 18.15 12.48 19.44 22.12 8.622 19.44 8.622 14.1
1978.20833333333 13.62 21.75 9.653 16.97 18.11 12.47 19.37 21.96 8.615 19.37 8.615 14.1
1978.29166666667 13.61 21.89 9.645 16.95 18.09 12.45 19.34 22.33 8.609 19.34 8.609 14.04
1978.375 13.63 22.24 9.653 16.99 18.14 12.47 19.42 22.88 8.615 19.42 8.615 14
1978.45833333333 13.67 22.69 9.676 17.08 18.25 12.51 19.56 23.75 8.634 19.56 8.634 13.98
1978.54166666667 13.74 23.17 9.712 17.2 18.4 12.56 19.76 24.59 8.664 19.76 8.664 13.98
1978.625 13.8 23.65 9.745 17.31 18.54 12.61 19.95 25.36 8.691 19.95 8.691 13.97
1978.70833333333 13.84 23.97 9.769 17.39 18.64 12.65 20.09 25.66 8.711 20.09 8.711 13.97
1978.79166666667 13.83 23.98 9.763 17.37 18.63 12.64 20.09 25.21 8.705 20.09 8.705 13.98
1978.875 13.73 23.55 9.706 17.21 18.45 12.56 19.89 24.2 8.657 19.89 8.657 13.95
1978.95833333333 13.64 22.84 9.659 17.06 18.28 12.48 19.68 23.14 8.618 19.68 8.618 13.97
1979.04166666667 13.53 22.09 9.602 16.88 18.06 12.39 19.41 22.21 8.571 19.41 8.571 13.94
1979.125 13.46 21.66 9.564 16.76 17.91 12.33 19.21 21.78 8.539 19.21 8.539 13.9
1979.20833333333 13.43 21.6 9.549 16.71 17.85 12.31 19.13 21.81 8.527 19.13 8.527 13.86
1979.29166666667 13.46 21.76 9.562 16.76 17.91 12.33 19.2 22.13 8.538 19.2 8.538 13.87
1979.375 13.5 22.15 9.579 16.83 18 12.36 19.31 22.77 8.552 19.31 8.552 13.85
1979.45833333333 13.54 22.62 9.603 16.92 18.1 12.4 19.45 23.59 8.572 19.45 8.572 13.82
1979.54166666667 13.63 23.14 9.653 17.06 18.27 12.47 19.66 24.5 8.615 19.66 8.615 13.84
1979.625 13.73 23.68 9.705 17.22 18.47 12.56 19.91 25.53 8.657 19.91 8.657 13.87
1979.70833333333 13.77 24.08 9.72 17.28 18.55 12.58 20.02 26.04 8.669 20.02 8.669 13.83
1979.79166666667 13.77 24.08 9.722 17.29 18.55 12.59 20.03 25.48 8.671 20.03 8.671 13.86
1979.875 13.71 23.75 9.689 17.19 18.45 12.54 19.91 24.49 8.642 19.91 8.642 13.88
1979.95833333333 13.62 23.07 9.644 17.05 18.27 12.46 19.69 23.35 8.606 19.69 8.606 13.91
1980.04166666667 13.57 22.45 9.614 16.96 18.15 12.42 19.53 22.61 8.581 19.53 8.581 13.94
1980.125 13.49 21.99 9.573 16.82 17.99 12.35 19.31 22.14 8.548 19.31 8.548 13.9
1980.20833333333 13.48 21.88 9.57 16.79 17.94 12.34 19.24 22.19 8.546 19.24 8.546 13.88
1980.29166666667 13.54 22.05 9.607 16.89 18.06 12.4 19.37 22.44 8.576 19.37 8.576 13.94
1980.375 13.57 22.39 9.62 16.94 18.11 12.42 19.44 22.98 8.587 19.44 8.587 13.91
1980.45833333333 13.62 22.83 9.646 17.03 18.22 12.47 19.58 23.84 8.608 19.58 8.608 13.9
1980.54166666667 13.72 23.31 9.696 17.17 18.39 12.54 19.78 24.73 8.651 19.78 8.651 13.93
1980.625 13.78 23.77 9.733 17.29 18.54 12.6 19.98 25.47 8.681 19.98 8.681 13.93
1980.70833333333 13.85 24.04 9.772 17.4 18.66 12.66 20.14 25.67 8.715 20.14 8.715 13.97
1980.79166666667 13.81 24 9.749 17.34 18.6 12.63 20.08 25.07 8.694 20.08 8.694 13.95
1980.875 13.76 23.63 9.723 17.25 18.49 12.58 19.94 24.16 8.672 19.94 8.672 13.99
1980.95833333333 13.71 23.04 9.696 17.17 18.39 12.54 19.8 23.25 8.65 19.8 8.65 14.05
1981.04166666667 13.64 22.37 9.658 17.04 18.23 12.48 19.58 22.47 8.618 19.58 8.618 14.05
1981.125 13.62 21.86 9.651 16.99 18.15 12.47 19.47 22.03 8.613 19.47 8.613 14.09
1981.20833333333 13.63 21.67 9.658 16.99 18.15 12.48 19.44 21.89 8.619 19.44 8.619 14.12
1981.29166666667 13.62 21.83 9.645 16.97 18.12 12.46 19.41 22.23 8.608 19.41 8.608 14.07
1981.375 13.64 22.19 9.657 17.02 18.18 12.48 19.49 22.87 8.618 19.49 8.618 14.03
1981.45833333333 13.68 22.68 9.678 17.09 18.26 12.52 19.59 23.9 8.635 19.59 8.635 13.98
1981.54166666667 13.75 23.14 9.716 17.21 18.41 12.58 19.78 24.7 8.667 19.78 8.667 13.99
1981.625 13.82 23.59 9.751 17.32 18.55 12.63 19.97 25.39 8.696 19.97 8.696 14
1981.70833333333 13.83 23.91 9.752 17.35 18.59 12.64 20.04 25.76 8.696 20.04 8.696 13.95
1981.79166666667 13.81 23.9 9.744 17.33 18.58 12.63 20.03 25.31 8.689 20.03 8.689 13.95
1981.875 13.73 23.53 9.702 17.21 18.44 12.56 19.87 24.24 8.654 19.87 8.654 13.95
1981.95833333333 13.66 22.86 9.666 17.07 18.28 12.5 19.66 23.15 8.624 19.66 8.624 13.98
1982.04166666667 13.61 22.33 9.637 17 18.19 12.46 19.55 22.48 8.598 19.55 8.598 14.01
1982.125 13.54 22.02 9.595 16.9 18.07 12.39 19.41 22.21 8.563 19.41 8.563 13.96
1982.20833333333 13.5 21.87 9.572 16.84 18.01 12.36 19.33 22.08 8.544 19.33 8.544 13.92
1982.29166666667 13.5 22.08 9.574 16.86 18.04 12.36 19.39 22.49 8.546 19.39 8.546 13.89
1982.375 13.54 22.48 9.592 16.93 18.12 12.39 19.5 23.16 8.561 19.5 8.561 13.87
1982.45833333333 13.58 22.95 9.609 16.99 18.2 12.42 19.6 24.02 8.575 19.6 8.575 13.82
1982.54166666667 13.68 23.53 9.668 17.17 18.41 12.51 19.86 25.07 8.624 19.86 8.624 13.85
1982.625 13.77 24.04 9.716 17.31 18.59 12.59 20.08 25.79 8.664 20.08 8.664 13.88
1982.70833333333 13.84 24.34 9.753 17.42 18.72 12.64 20.25 25.94 8.695 20.25 8.695 13.92
1982.79166666667 13.78 24.32 9.719 17.33 18.62 12.59 20.14 25.5 8.667 20.14 8.667 13.86
1982.875 13.68 23.94 9.662 17.17 18.43 12.5 19.92 24.62 8.618 19.92 8.618 13.83
1982.95833333333 13.53 23.1 9.586 16.92 18.13 12.38 19.54 23.35 8.556 19.54 8.556 13.79
1983.04166666667 13.44 22.25 9.547 16.75 17.91 12.31 19.24 22.41 8.526 19.24 8.526 13.79
1983.125 13.39 21.55 9.528 16.64 17.76 12.27 19.03 21.75 8.512 19.03 8.512 13.81
1983.20833333333 13.4 21.33 9.537 16.62 17.72 12.28 18.94 21.63 8.521 18.94 8.521 13.83
1983.29166666667 13.44 21.5 9.564 16.68 17.78 12.32 18.99 22.02 8.545 18.99 8.545 13.85
1983.375 13.5 21.78 9.599 16.77 17.88 12.37 19.11 22.57 8.574 19.11 8.574 13.87
1983.45833333333 13.58 22.28 9.637 16.89 18.03 12.44 19.29 23.47 8.604 19.29 8.604 13.87
1983.54166666667 13.68 22.83 9.688 17.05 18.21 12.52 19.5 24.41 8.645 19.5 8.645 13.91
1983.625 13.75 23.32 9.727 17.17 18.35 12.58 19.69 25.13 8.678 19.69 8.678 13.92
1983.70833333333 13.79 23.63 9.747 17.23 18.43 12.61 19.79 25.41 8.695 19.79 8.695 13.91
1983.79166666667 13.79 23.59 9.748 17.23 18.43 12.61 19.81 24.91 8.696 19.81 8.696 13.94
1983.875 13.75 23.32 9.73 17.17 18.36 12.58 19.71 24.06 8.679 19.71 8.679 13.98
1983.95833333333 13.7 22.81 9.701 17.08 18.25 12.54 19.57 23.11 8.655 19.57 8.655 14.03
1984.04166666667 13.64 22.22 9.666 16.98 18.12 12.49 19.39 22.37 8.625 19.39 8.625 14.06
1984.125 13.58 21.81 9.633 16.88 17.98 12.44 19.22 22 8.598 19.22 8.598 14.03
1984.20833333333 13.58 21.65 9.631 16.86 17.95 12.44 19.16 21.95 8.597 19.16 8.597 14.03
1984.29166666667 13.6 21.72 9.643 16.89 17.98 12.45 19.19 22.15 8.607 19.19 8.607 14.04
1984.375 13.65 22.07 9.669 16.97 18.08 12.49 19.31 22.82 8.629 19.31 8.629 14.03
1984.45833333333 13.72 22.6 9.709 17.09 18.23 12.56 19.51 23.79 8.663 19.51 8.663 14.03
1984.54166666667 13.8 23.2 9.75 17.23 18.4 12.62 19.74 24.84 8.696 19.74 8.696 14.03
1984.625 13.86 23.65 9.784 17.34 18.54 12.67 19.92 25.44 8.725 19.92 8.725 14.03
1984.70833333333 13.92 24 9.814 17.44 18.67 12.72 20.1 25.79 8.749 20.1 8.749 14.04
1984.79166666667 13.93 23.97 9.823 17.45 18.69 12.73 20.14 25.2 8.757 20.14 8.757 14.09
1984.875 13.9 23.61 9.808 17.41 18.64 12.71 20.07 24.27 8.744 20.07 8.744 14.15
1984.95833333333 13.79 22.87 9.747 17.23 18.43 12.61 19.81 23.12 8.692 19.81 8.692 14.15
1985.04166666667 13.69 22.08 9.694 17.06 18.22 12.53 19.55 22.17 8.648 19.55 8.648 14.14
1985.125 13.62 21.69 9.655 16.95 18.09 12.47 19.38 21.84 8.615 19.38 8.615 14.1
1985.20833333333 13.53 21.54 9.612 16.81 17.94 12.4 19.21 21.76 8.58 19.21 8.58 13.99
1985.29166666667 13.53 21.66 9.615 16.82 17.95 12.4 19.23 22.03 8.582 19.23 8.582 13.97
1985.375 13.57 22.09 9.633 16.89 18.04 12.43 19.34 22.77 8.597 19.34 8.597 13.93
1985.45833333333 13.63 22.6 9.665 16.99 18.16 12.48 19.51 23.7 8.624 19.51 8.624 13.92
1985.54166666667 13.72 23.19 9.713 17.15 18.35 12.56 19.75 24.74 8.664 19.75 8.664 13.92
1985.625 13.77 23.67 9.741 17.24 18.48 12.6 19.93 25.45 8.687 19.93 8.687 13.9
1985.70833333333 13.8 23.95 9.759 17.3 18.56 12.63 20.04 25.61 8.703 20.04 8.703 13.9
1985.79166666667 13.8 23.96 9.761 17.31 18.58 12.63 20.08 25.22 8.704 20.08 8.704 13.92
1985.875 13.73 23.65 9.717 17.21 18.47 12.56 19.95 24.39 8.668 19.95 8.668 13.91
1985.95833333333 13.63 22.99 9.668 17.05 18.28 12.48 19.72 23.28 8.627 19.72 8.627 13.93
1986.04166666667 13.57 22.33 9.636 16.93 18.14 12.43 19.52 22.5 8.601 19.52 8.601 13.95
1986.125 13.54 21.89 9.624 16.88 18.06 12.41 19.4 22.08 8.591 19.4 8.591 13.97
1986.20833333333 13.53 21.8 9.616 16.85 18.02 12.4 19.34 22.14 8.584 19.34 8.584 13.95
1986.29166666667 13.51 21.96 9.607 16.83 18 12.38 19.32 22.44 8.577 19.32 8.577 13.89
1986.375 13.58 22.34 9.641 16.95 18.14 12.44 19.5 23.1 8.606 19.5 8.606 13.91
1986.45833333333 13.63 22.84 9.666 17.04 18.26 12.48 19.65 23.97 8.626 19.65 8.626 13.89
1986.54166666667 13.72 23.41 9.714 17.18 18.42 12.55 19.85 24.98 8.666 19.85 8.666 13.89
1986.625 13.8 23.93 9.761 17.32 18.59 12.63 20.07 25.77 8.705 20.07 8.705 13.91
1986.70833333333 13.84 24.28 9.779 17.38 18.67 12.66 20.18 26.17 8.72 20.18 8.72 13.9
1986.79166666667 13.83 24.26 9.772 17.36 18.65 12.65 20.18 25.59 8.715 20.18 8.715 13.9
1986.875 13.73 23.84 9.719 17.2 18.46 12.56 19.94 24.5 8.671 19.94 8.671 13.88
1986.95833333333 13.66 23.21 9.69 17.08 18.31 12.51 19.76 23.46 8.646 19.76 8.646 13.93
1987.04166666667 13.59 22.43 9.655 16.94 18.13 12.45 19.51 22.49 8.618 19.51 8.618 13.96
1987.125 13.48 21.81 9.602 16.73 17.88 12.36 19.18 21.94 8.575 19.18 8.575 13.88
1987.20833333333 13.48 21.63 9.603 16.72 17.86 12.36 19.14 21.86 8.576 19.14 8.576 13.89
1987.29166666667 13.46 21.7 9.593 16.7 17.82 12.35 19.09 22.03 8.569 19.09 8.569 13.85
1987.375 13.51 22.07 9.616 16.78 17.92 12.38 19.23 22.72 8.588 19.23 8.588 13.84
1987.45833333333 13.56 22.58 9.641 16.87 18.04 12.43 19.38 23.67 8.608 19.38 8.608 13.8
1987.54166666667 13.64 23.14 9.685 17 18.2 12.49 19.58 24.81 8.645 19.58 8.645 13.8
1987.625 13.7 23.65 9.715 17.11 18.33 12.54 19.74 25.65 8.67 19.74 8.67 13.78
1987.70833333333 13.74 23.99 9.742 17.18 18.42 12.58 19.86 25.94 8.693 19.86 8.693 13.78
1987.79166666667 13.72 23.95 9.73 17.15 18.39 12.56 19.83 25.27 8.683 19.83 8.683 13.79
1987.875 13.65 23.61 9.69 17.03 18.24 12.5 19.66 24.36 8.649 19.66 8.649 13.79
1987.95833333333 13.57 22.88 9.651 16.88 18.05 12.44 19.41 23.17 8.617 19.41 8.617 13.83
1988.04166666667 13.53 22.26 9.63 16.8 17.95 12.41 19.26 22.4 8.6 19.26 8.6 13.88
1988.125 13.47 21.84 9.601 16.7 17.82 12.36 19.09 22.03 8.576 19.09 8.576 13.85
1988.20833333333 13.48 21.6 9.605 16.69 17.8 12.36 19.05 21.86 8.579 19.05 8.579 13.88
1988.29166666667 13.5 21.73 9.615 16.72 17.83 12.38 19.08 22.23 8.588 19.08 8.588 13.87
1988.375 13.56 22.11 9.651 16.83 17.96 12.44 19.24 22.83 8.617 19.24 8.617 13.9
1988.45833333333 13.66 22.65 9.7 16.99 18.15 12.52 19.46 23.85 8.658 19.46 8.658 13.92
1988.54166666667 13.75 23.18 9.751 17.14 18.33 12.6 19.7 24.83 8.7 19.7 8.7 13.95
1988.625 13.83 23.62 9.788 17.27 18.49 12.66 19.91 25.57 8.732 19.91 8.732 13.96
1988.70833333333 13.82 23.82 9.783 17.28 18.51 12.65 19.95 25.64 8.727 19.95 8.727 13.92
1988.79166666667 13.81 23.75 9.779 17.27 18.51 12.64 19.96 25.09 8.723 19.96 8.723 13.94
1988.875 13.77 23.48 9.757 17.21 18.44 12.61 19.88 24.27 8.704 19.88 8.704 13.97
1988.95833333333 13.69 22.93 9.713 17.07 18.28 12.54 19.69 23.28 8.667 19.69 8.667 13.98
1989.04166666667 13.63 22.26 9.679 16.96 18.14 12.49 19.5 22.39 8.638 19.5 8.638 14.01
1989.125 13.53 21.84 9.627 16.82 17.97 12.41 19.29 21.96 8.594 19.29 8.594 13.95
1989.20833333333 13.53 21.82 9.619 16.81 17.97 12.4 19.29 22.09 8.588 19.29 8.588 13.94
1989.29166666667 13.53 21.99 9.62 16.83 17.99 12.4 19.33 22.35 8.588 19.33 8.588 13.91
1989.375 13.58 22.34 9.647 16.92 18.11 12.44 19.47 22.99 8.611 19.47 8.611 13.91
1989.45833333333 13.65 22.86 9.683 17.04 18.25 12.5 19.65 23.89 8.642 19.65 8.642 13.91
1989.54166666667 13.73 23.36 9.726 17.17 18.41 12.57 19.85 24.68 8.678 19.85 8.678 13.92
1989.625 13.81 23.78 9.769 17.3 18.56 12.64 20.04 25.27 8.713 20.04 8.713 13.96
1989.70833333333 13.85 24.05 9.793 17.38 18.65 12.67 20.16 25.56 8.734 20.16 8.734 13.97
1989.79166666667 13.84 24.02 9.783 17.36 18.64 12.66 20.15 25.12 8.725 20.15 8.725 13.97
1989.875 13.8 23.71 9.762 17.3 18.57 12.62 20.07 24.34 8.707 20.07 8.707 14
1989.95833333333 13.73 23.1 9.723 17.19 18.44 12.57 19.9 23.36 8.674 19.9 8.674 14.04
1990.04166666667 13.61 22.46 9.664 17 18.22 12.47 19.63 22.58 8.625 19.63 8.625 13.99
1990.125 13.56 22 9.639 16.91 18.11 12.43 19.49 22.14 8.604 19.49 8.604 13.98
1990.20833333333 13.48 21.81 9.595 16.79 17.96 12.36 19.31 22.03 8.567 19.31 8.567 13.89
1990.29166666667 13.53 22.02 9.619 16.86 18.04 12.4 19.39 22.45 8.588 19.39 8.588 13.91
1990.375 13.55 22.36 9.629 16.9 18.09 12.42 19.45 22.96 8.597 19.45 8.597 13.88
1990.45833333333 13.64 22.85 9.678 17.04 18.25 12.49 19.63 23.9 8.638 19.63 8.638 13.9
1990.54166666667 13.73 23.4 9.726 17.19 18.43 12.57 19.86 24.92 8.678 19.86 8.678 13.92
1990.625 13.83 23.92 9.778 17.35 18.62 12.65 20.1 25.8 8.721 20.1 8.721 13.95
1990.70833333333 13.9 24.25 9.814 17.46 18.76 12.71 20.28 26.03 8.75 20.28 8.75 13.99
1990.79166666667 13.87 24.3 9.793 17.43 18.73 12.68 20.25 25.69 8.732 20.25 8.732 13.96
1990.875 13.8 23.92 9.752 17.32 18.6 12.62 20.09 24.66 8.697 20.09 8.697 13.97
1990.95833333333 13.75 23.29 9.726 17.23 18.5 12.58 19.96 23.58 8.675 19.96 8.675 14.05
1991.04166666667 13.64 22.65 9.667 17.07 18.29 12.49 19.7 22.8 8.625 19.7 8.625 14.01
1991.125 13.58 22.23 9.634 16.96 18.16 12.44 19.52 22.41 8.599 19.52 8.599 13.98
1991.20833333333 13.54 21.92 9.614 16.88 18.06 12.4 19.37 22.14 8.582 19.37 8.582 13.96
1991.29166666667 13.56 22.08 9.621 16.92 18.09 12.42 19.41 22.47 8.588 19.41 8.588 13.96
1991.375 13.62 22.46 9.652 17.01 18.19 12.47 19.53 23.12 8.614 19.53 8.614 13.96
1991.45833333333 13.67 22.91 9.68 17.1 18.3 12.51 19.66 24.03 8.637 19.66 8.637 13.94
1991.54166666667 13.75 23.45 9.72 17.23 18.45 12.57 19.85 25.11 8.671 19.85 8.671 13.93
1991.625 13.85 23.98 9.779 17.4 18.66 12.66 20.1 25.92 8.72 20.1 8.72 13.98
1991.70833333333 13.95 24.31 9.831 17.54 18.83 12.74 20.32 26.14 8.763 20.32 8.763 14.05
1991.79166666667 13.9 24.3 9.802 17.48 18.77 12.7 20.26 25.7 8.739 20.26 8.739 14.01
1991.875 13.83 23.94 9.762 17.36 18.63 12.64 20.09 24.68 8.705 20.09 8.705 14.01
1991.95833333333 13.72 23.26 9.707 17.19 18.42 12.55 19.83 23.54 8.66 19.83 8.66 14.02
1992.04166666667 13.62 22.4 9.66 17.01 18.19 12.47 19.53 22.49 8.621 19.53 8.621 14.02
1992.125 13.53 21.81 9.611 16.84 17.98 12.39 19.24 21.96 8.581 19.24 8.581 13.96
1992.20833333333 13.54 21.66 9.621 16.84 17.96 12.4 19.2 21.91 8.591 19.2 8.591 13.98
1992.29166666667 13.57 21.81 9.637 16.88 18.01 12.43 19.25 22.31 8.604 19.25 8.604 13.99
1992.375 13.63 22.19 9.67 17 18.15 12.48 19.42 23.04 8.632 19.42 8.632 13.99
1992.45833333333 13.7 22.71 9.704 17.12 18.29 12.54 19.6 24.02 8.66 19.6 8.66 13.99
1992.54166666667 13.77 23.27 9.741 17.24 18.44 12.6 19.79 25.01 8.691 19.79 8.691 13.97
1992.625 13.85 23.8 9.784 17.38 18.61 12.67 20.02 25.84 8.726 20.02 8.726 13.99
1992.70833333333 13.9 24.1 9.811 17.47 18.73 12.71 20.17 26.11 8.748 20.17 8.748 14.01
1992.79166666667 13.87 24.08 9.79 17.42 18.67 12.68 20.12 25.52 8.73 20.12 8.73 13.98
1992.875 13.82 23.71 9.765 17.33 18.57 12.64 19.99 24.49 8.71 19.99 8.71 14.02
1992.95833333333 13.73 23.08 9.715 17.18 18.4 12.56 19.78 23.4 8.667 19.78 8.667 14.04
1993.04166666667 13.64 22.45 9.666 17.05 18.24 12.49 19.58 22.63 8.626 19.58 8.626 14.04
1993.125 13.57 21.94 9.629 16.93 18.09 12.43 19.38 22.09 8.596 19.38 8.596 14.02
1993.20833333333 13.57 21.77 9.629 16.92 18.07 12.43 19.33 21.98 8.597 19.33 8.597 14.04
1993.29166666667 13.61 21.97 9.648 16.98 18.12 12.46 19.38 22.36 8.613 19.38 8.613 14.05
1993.375 13.67 22.33 9.684 17.07 18.23 12.51 19.51 22.99 8.644 19.51 8.644 14.06
1993.45833333333 13.73 22.83 9.715 17.17 18.35 12.56 19.66 23.94 8.669 19.66 8.669 14.04
1993.54166666667 13.81 23.34 9.754 17.3 18.5 12.62 19.85 24.88 8.702 19.85 8.702 14.03
1993.625 13.91 23.83 9.811 17.47 18.7 12.71 20.11 25.55 8.749 20.11 8.749 14.09
1993.70833333333 13.94 24.17 9.829 17.53 18.79 12.74 20.23 25.95 8.764 20.23 8.764 14.08
1993.79166666667 13.9 24.1 9.806 17.48 18.73 12.71 20.17 25.36 8.744 20.17 8.744 14.06
1993.875 13.81 23.69 9.754 17.33 18.56 12.63 19.97 24.35 8.7 19.97 8.7 14.04
1993.95833333333 13.71 22.92 9.703 17.15 18.34 12.54 19.69 23.16 8.658 19.69 8.658 14.05
1994.04166666667 13.65 22.2 9.672 17.04 18.2 12.49 19.5 22.33 8.632 19.5 8.632 14.08
1994.125 13.58 21.86 9.638 16.94 18.08 12.44 19.35 22.06 8.603 19.35 8.603 14.04
1994.20833333333 13.56 21.8 9.625 16.9 18.04 12.42 19.29 22.04 8.593 19.29 8.593 14.01
1994.29166666667 13.58 21.91 9.634 16.92 18.06 12.43 19.32 22.28 8.6 19.32 8.6 14.01
1994.375 13.63 22.33 9.663 17.02 18.17 12.48 19.45 22.99 8.624 19.45 8.624 14.01
1994.45833333333 13.7 22.84 9.696 17.13 18.3 12.53 19.61 23.97 8.652 19.61 8.652 13.99
1994.54166666667 13.78 23.39 9.743 17.27 18.47 12.61 19.82 24.92 8.692 19.82 8.692 14
1994.625 13.9 23.97 9.806 17.46 18.69 12.7 20.11 25.9 8.745 20.11 8.745 14.04
1994.70833333333 13.96 24.3 9.839 17.56 18.82 12.75 20.28 26.16 8.772 20.28 8.772 14.07
1994.79166666667 13.92 24.3 9.814 17.51 18.77 12.72 20.24 25.76 8.751 20.24 8.751 14.03
1994.875 13.82 23.88 9.757 17.35 18.59 12.63 20.01 24.73 8.703 20.01 8.703 14
1994.95833333333 13.77 23.23 9.732 17.24 18.45 12.59 19.82 23.59 8.683 19.82 8.683 14.08
1995.04166666667 13.74 22.39 9.724 17.17 18.34 12.57 19.64 22.47 8.677 19.64 8.677 14.19
1995.125 13.68 21.88 9.694 17.06 18.19 12.52 19.45 22.02 8.652 19.45 8.652 14.17
1995.20833333333 13.66 21.82 9.679 17.02 18.15 12.5 19.38 22.13 8.64 19.38 8.64 14.13
1995.29166666667 13.66 21.91 9.684 17.03 18.16 12.51 19.4 22.3 8.644 19.4 8.644 14.12
1995.375 13.69 22.22 9.695 17.08 18.22 12.53 19.48 22.85 8.652 19.48 8.652 14.1
1995.45833333333 13.75 22.73 9.724 17.18 18.34 12.57 19.64 23.76 8.677 19.64 8.677 14.08
1995.54166666667 13.81 23.27 9.754 17.28 18.47 12.62 19.8 24.89 8.701 19.8 8.701 14.04
1995.625 13.86 23.69 9.785 17.38 18.59 12.67 19.97 25.47 8.727 19.97 8.727 14.04
1995.70833333333 13.89 23.96 9.803 17.44 18.67 12.7 20.08 25.74 8.742 20.08 8.742 14.03
1995.79166666667 13.9 24.01 9.806 17.45 18.69 12.7 20.12 25.38 8.744 20.12 8.744 14.05
1995.875 13.82 23.66 9.76 17.33 18.55 12.63 19.96 24.43 8.706 19.96 8.706 14.04
1995.95833333333 13.79 23.19 9.748 17.28 18.48 12.61 19.86 23.52 8.695 19.86 8.695 14.12
1996.04166666667 13.76 22.57 9.728 17.21 18.39 12.58 19.73 22.71 8.679 19.73 8.679 14.18
1996.125 13.68 22.06 9.684 17.08 18.24 12.51 19.54 22.18 8.641 19.54 8.641 14.15
1996.20833333333 13.61 21.87 9.649 16.98 18.12 12.46 19.4 22.1 8.613 19.4 8.613 14.08
1996.29166666667 13.61 22.03 9.646 16.98 18.12 12.46 19.4 22.46 8.61 19.4 8.61 14.04
1996.375 13.66 22.42 9.67 17.06 18.22 12.49 19.52 23.21 8.631 19.52 8.631 14.02
1996.45833333333 13.73 22.94 9.706 17.18 18.37 12.55 19.71 24.18 8.661 19.71 8.661 14.02
1996.54166666667 13.78 23.42 9.736 17.28 18.49 12.6 19.88 25.06 8.685 19.88 8.685 14
1996.625 13.86 23.85 9.777 17.41 18.65 12.66 20.08 25.79 8.72 20.08 8.72 14.02
1996.70833333333 13.88 24.12 9.785 17.45 18.7 12.68 20.16 26 8.726 20.16 8.726 14
1996.79166666667 13.85 24.1 9.768 17.41 18.66 12.65 20.12 25.46 8.712 20.12 8.712 13.98
1996.875 13.76 23.6 9.718 17.26 18.49 12.57 19.92 24.29 8.67 19.92 8.67 13.98
1996.95833333333 13.66 22.89 9.669 17.1 18.3 12.5 19.68 23.15 8.629 19.68 8.629 14
1997.04166666667 13.61 22.16 9.642 17 18.18 12.45 19.52 22.32 8.606 19.52 8.606 14.04
1997.125 13.56 21.88 9.615 16.92 18.07 12.41 19.38 22.09 8.584 19.38 8.584 14.01
1997.20833333333 13.58 21.88 9.629 16.94 18.1 12.43 19.39 22.15 8.596 19.39 8.596 14.02
1997.29166666667 13.59 22.06 9.633 16.98 18.15 12.44 19.47 22.42 8.599 19.47 8.599 14.02
1997.375 13.59 22.42 9.633 16.99 18.16 12.44 19.49 23.08 8.6 19.49 8.6 13.95
1997.45833333333 13.65 22.95 9.665 17.07 18.27 12.48 19.63 24.15 8.627 19.63 8.627 13.91
1997.54166666667 13.67 23.43 9.68 17.11 18.32 12.51 19.7 25.1 8.64 19.7 8.64 13.84
1997.625 13.76 23.94 9.729 17.26 18.49 12.58 19.92 25.96 8.681 19.92 8.681 13.86
1997.70833333333 13.79 24.27 9.747 17.32 18.57 12.61 20.03 26.26 8.696 20.03 8.696 13.84
1997.79166666667 13.74 24.19 9.718 17.23 18.47 12.56 19.92 25.62 8.673 19.92 8.673 13.8
1997.875 13.63 23.7 9.659 17.05 18.25 12.47 19.65 24.56 8.623 19.65 8.623 13.76
1997.95833333333 13.46 22.77 9.574 16.77 17.92 12.33 19.23 23.21 8.553 19.23 8.553 13.71
1998.04166666667 13.38 22.04 9.535 16.62 17.72 12.27 18.98 22.33 8.522 18.98 8.522 13.71
1998.125 13.35 21.46 9.531 16.54 17.61 12.25 18.8 21.76 8.52 18.8 8.52 13.75
1998.20833333333 13.39 21.4 9.556 16.56 17.63 12.28 18.8 21.88 8.543 18.8 8.543 13.78
1998.29166666667 13.41 21.34 9.573 16.58 17.63 12.3 18.8 21.88 8.558 18.8 8.558 13.81
1998.375 13.45 21.6 9.594 16.64 17.71 12.33 18.88 22.45 8.576 18.88 8.576 13.81
1998.45833333333 13.54 22.13 9.64 16.79 17.87 12.41 19.09 23.5 8.613 19.09 8.613 13.81
1998.54166666667 13.61 22.68 9.681 16.91 18.02 12.47 19.28 24.4 8.646 19.28 8.646 13.81
1998.625 13.69 23.17 9.72 17.03 18.16 12.54 19.46 25.16 8.678 19.46 8.678 13.81
1998.70833333333 13.74 23.52 9.747 17.11 18.26 12.58 19.59 25.49 8.7 19.59 8.7 13.82
1998.79166666667 13.72 23.5 9.734 17.09 18.25 12.56 19.59 25.03 8.688 19.59 8.688 13.83
1998.875 13.68 23.19 9.706 17.02 18.17 12.53 19.49 24.06 8.664 19.49 8.664 13.87
1998.95833333333 13.62 22.52 9.683 16.92 18.04 12.48 19.31 22.87 8.646 19.31 8.646 13.95
1999.04166666667 13.58 21.99 9.662 16.83 17.93 12.45 19.17 22.16 8.629 19.17 8.629 13.98
1999.125 13.51 21.54 9.63 16.72 17.79 12.4 18.99 21.74 8.603 18.99 8.603 13.95
1999.20833333333 13.52 21.43 9.634 16.73 17.8 12.4 18.99 21.65 8.606 18.99 8.606 13.97
1999.29166666667 13.54 21.53 9.642 16.76 17.84 12.42 19.04 21.89 8.613 19.04 8.613 13.97
1999.375 13.61 21.97 9.677 16.89 17.99 12.47 19.23 22.68 8.641 19.23 8.641 13.99
1999.45833333333 13.69 22.49 9.714 17.02 18.15 12.54 19.43 23.57 8.672 19.43 8.672 13.99
1999.54166666667 13.73 22.99 9.74 17.1 18.26 12.58 19.58 24.37 8.693 19.58 8.693 13.96
1999.625 13.82 23.44 9.793 17.25 18.44 12.65 19.81 25.13 8.737 19.81 8.737 14
1999.70833333333 13.85 23.71 9.809 17.3 18.5 12.68 19.91 25.37 8.75 19.91 8.75 13.98
1999.79166666667 13.82 23.73 9.792 17.26 18.47 12.65 19.88 25.01 8.735 19.88 8.735 13.96
1999.875 13.76 23.38 9.761 17.16 18.35 12.6 19.74 24.12 8.709 19.74 8.709 13.97
1999.95833333333 13.71 22.8 9.735 17.06 18.24 12.56 19.6 23.14 8.688 19.6 8.688 14.02
2000.04166666667 13.65 22.25 9.706 16.97 18.12 12.51 19.45 22.43 8.664 19.45 8.664 14.04
2000.125 13.61 21.82 9.686 16.89 18.03 12.48 19.32 22.03 8.647 19.32 8.647 14.04
2000.20833333333 13.6 21.71 9.682 16.87 17.99 12.47 19.27 21.91 8.643 19.27 8.643 14.04
2000.29166666667 13.59 21.76 9.678 16.86 17.99 12.47 19.27 22.07 8.64 19.27 8.64 14.02
2000.375 13.66 22.18 9.712 16.97 18.12 12.52 19.42 22.89 8.668 19.42 8.668 14.02
2000.45833333333 13.72 22.73 9.745 17.09 18.26 12.57 19.61 23.9 8.696 19.61 8.696 14
2000.54166666667 13.78 23.26 9.779 17.19 18.4 12.62 19.79 24.74 8.724 19.79 8.724 13.98
2000.625 13.86 23.76 9.819 17.32 18.56 12.69 20 25.52 8.758 20 8.758 13.99
2000.70833333333 13.91 24.01 9.85 17.41 18.67 12.73 20.15 25.67 8.784 20.15 8.784 14.02
2000.79166666667 13.87 23.98 9.825 17.35 18.61 12.7 20.09 25.21 8.763 20.09 8.763 13.99
2000.875 13.81 23.6 9.792 17.25 18.49 12.65 19.94 24.3 8.735 19.94 8.735 14
2000.95833333333 13.73 22.96 9.752 17.11 18.32 12.58 19.72 23.25 8.702 19.72 8.702 14.03
2001.04166666667 13.65 22.31 9.71 16.97 18.14 12.52 19.49 22.41 8.667 19.49 8.667 14.03
2001.125 13.57 21.87 9.672 16.83 17.98 12.45 19.28 21.99 8.635 19.28 8.635 13.98
2001.20833333333 13.58 21.75 9.677 16.84 17.97 12.46 19.27 21.93 8.641 19.27 8.641 14
2001.29166666667 13.61 21.9 9.692 16.9 18.05 12.49 19.36 22.21 8.652 19.36 8.652 14.02
2001.375 13.67 22.28 9.721 17 18.16 12.53 19.49 22.96 8.676 19.49 8.676 14.02
2001.45833333333 13.74 22.82 9.758 17.13 18.32 12.59 19.69 24.02 8.707 19.69 8.707 14.02
2001.54166666667 13.83 23.37 9.804 17.27 18.5 12.66 19.91 24.96 8.745 19.91 8.745 14.03
2001.625 13.91 23.85 9.846 17.4 18.65 12.73 20.11 25.65 8.78 20.11 8.78 14.04
2001.70833333333 13.96 24.17 9.873 17.49 18.76 12.77 20.26 26.07 8.802 20.26 8.802 14.06
2001.79166666667 13.92 24.14 9.846 17.43 18.7 12.74 20.2 25.53 8.779 20.2 8.779 14.02
2001.875 13.85 23.8 9.807 17.32 18.57 12.68 20.05 24.62 8.747 20.05 8.747 14.02
2001.95833333333 13.81 23.21 9.791 17.24 18.48 12.65 19.91 23.52 8.734 19.91 8.734 14.1
2002.04166666667 13.72 22.46 9.743 17.09 18.29 12.57 19.67 22.61 8.693 19.67 8.693 14.11
2002.125 13.63 22.07 9.695 16.94 18.1 12.49 19.44 22.17 8.654 19.44 8.654 14.04
2002.20833333333 13.61 21.89 9.686 16.9 18.06 12.48 19.37 22.03 8.647 19.37 8.647 14.03
2002.29166666667 13.6 22.04 9.681 16.9 18.06 12.47 19.38 22.43 8.643 19.38 8.643 13.99
2002.375 13.65 22.45 9.703 16.99 18.17 12.51 19.52 23.21 8.661 19.52 8.661 13.97
2002.45833333333 13.72 23 9.739 17.11 18.31 12.57 19.7 24.26 8.691 19.7 8.691 13.96
2002.54166666667 13.81 23.52 9.788 17.25 18.48 12.65 19.91 25.15 8.732 19.91 8.732 13.98
2002.625 13.91 24.02 9.837 17.41 18.67 12.72 20.15 25.94 8.772 20.15 8.772 14.02
2002.70833333333 13.96 24.29 9.867 17.51 18.79 12.77 20.3 26.06 8.797 20.3 8.797 14.05
2002.79166666667 13.95 24.22 9.855 17.48 18.76 12.76 20.27 25.43 8.786 20.27 8.786 14.07
2002.875 13.84 23.84 9.796 17.31 18.56 12.67 20.03 24.46 8.737 20.03 8.737 14.03
2002.95833333333 13.76 23.08 9.759 17.16 18.37 12.6 19.78 23.29 8.708 19.78 8.708 14.07
2003.04166666667 13.65 22.31 9.702 16.97 18.13 12.51 19.46 22.41 8.661 19.46 8.661 14.04
2003.125 13.6 21.89 9.679 16.87 18.01 12.47 19.3 22.03 8.642 19.3 8.642 14.02
2003.20833333333 13.59 21.8 9.676 16.86 17.99 12.46 19.26 22.06 8.64 19.26 8.64 14.01
2003.29166666667 13.62 21.94 9.689 16.9 18.03 12.49 19.31 22.41 8.652 19.31 8.652 14.01
2003.375 13.66 22.27 9.704 16.97 18.11 12.51 19.4 23.02 8.663 19.4 8.663 14
2003.45833333333 13.74 22.82 9.75 17.11 18.28 12.59 19.62 24.11 8.702 19.62 8.702 14.01
2003.54166666667 13.8 23.32 9.775 17.2 18.4 12.63 19.78 24.98 8.723 19.78 8.723 13.98
2003.625 13.89 23.79 9.825 17.35 18.58 12.71 20 25.71 8.764 20 8.764 14.01
2003.70833333333 13.9 24.08 9.829 17.39 18.63 12.72 20.08 26.05 8.766 20.08 8.766 13.98
2003.79166666667 13.87 24.08 9.811 17.34 18.59 12.69 20.04 25.52 8.751 20.04 8.751 13.96
2003.875 13.81 23.66 9.777 17.24 18.46 12.64 19.89 24.45 8.722 19.89 8.722 13.99
2003.95833333333 13.71 23.07 9.724 17.08 18.27 12.56 19.66 23.4 8.679 19.66 8.679 13.99
2004.04166666667 13.69 22.51 9.717 17.03 18.21 12.54 19.56 22.68 8.673 19.56 8.673 14.06
2004.125 13.64 22.17 9.688 16.95 18.1 12.5 19.42 22.34 8.649 19.42 8.649 14.04
2004.20833333333 13.63 22.02 9.683 16.92 18.06 12.49 19.37 22.21 8.645 19.37 8.645 14.03
2004.29166666667 13.67 22.13 9.709 16.99 18.15 12.53 19.47 22.47 8.667 19.47 8.667 14.07
2004.375 13.7 22.51 9.72 17.05 18.23 12.55 19.57 23.19 8.676 19.57 8.676 14.04
2004.45833333333 13.78 23.02 9.761 17.18 18.38 12.61 19.76 24.09 8.711 19.76 8.711 14.04
2004.54166666667 13.91 23.6 9.831 17.39 18.63 12.72 20.07 25.22 8.768 20.07 8.768 14.11
2004.625 13.97 24.11 9.867 17.5 18.76 12.78 20.24 26.07 8.798 20.24 8.798 14.1
2004.70833333333 14.02 24.45 9.894 17.59 18.87 12.82 20.38 26.47 8.82 20.38 8.82 14.1
2004.79166666667 13.98 24.38 9.87 17.53 18.8 12.79 20.31 25.81 8.799 20.31 8.799 14.08
2004.875 13.92 23.98 9.832 17.42 18.68 12.73 20.17 24.75 8.767 20.17 8.767 14.1
2004.95833333333 13.81 23.29 9.774 17.24 18.46 12.64 19.89 23.6 8.719 19.89 8.719 14.09
2005.04166666667 13.69 22.61 9.709 17.06 18.25 12.54 19.62 22.78 8.664 19.62 8.664 14.05
2005.125 13.68 22.22 9.709 17.03 18.2 12.54 19.55 22.38 8.664 19.55 8.664 14.09
2005.20833333333 13.64 22.01 9.686 16.96 18.12 12.5 19.44 22.2 8.646 19.44 8.646 14.07
2005.29166666667 13.62 22.12 9.67 16.91 18.06 12.48 19.36 22.54 8.633 19.36 8.633 13.99
2005.375 13.69 22.48 9.71 17.03 18.2 12.54 19.52 23.31 8.666 19.52 8.666 14.02
2005.45833333333 13.76 22.96 9.744 17.15 18.33 12.6 19.68 24.22 8.695 19.68 8.695 14.02
2005.54166666667 13.83 23.45 9.787 17.27 18.48 12.66 19.87 25.11 8.731 19.87 8.731 14.02
2005.625 13.95 23.92 9.848 17.45 18.69 12.75 20.13 25.86 8.783 20.13 8.783 14.09
2005.70833333333 13.97 24.18 9.857 17.49 18.75 12.77 20.22 26.02 8.788 20.22 8.788 14.07
2005.79166666667 13.94 24.15 9.841 17.45 18.71 12.75 20.18 25.5 8.775 20.18 8.775 14.06
2005.875 13.89 23.78 9.812 17.36 18.6 12.7 20.05 24.57 8.751 20.05 8.751 14.08
2005.95833333333 13.83 23.18 9.78 17.26 18.47 12.65 19.88 23.52 8.723 19.88 8.723 14.13
2006.04166666667 13.75 22.41 9.746 17.12 18.29 12.6 19.63 22.55 8.695 19.63 8.695 14.16
2006.125 13.68 21.95 9.708 16.99 18.14 12.54 19.44 22.08 8.664 19.44 8.664 14.13
2006.20833333333 13.64 21.9 9.681 16.95 18.1 12.5 19.39 22.2 8.641 19.39 8.641 14.07
2006.29166666667 13.65 22.11 9.681 16.97 18.13 12.5 19.44 22.58 8.64 19.44 8.64 14.04
2006.375 13.69 22.44 9.703 17.04 18.22 12.53 19.56 23.06 8.659 19.56 8.659 14.04
2006.45833333333 13.76 22.94 9.739 17.17 18.37 12.59 19.74 23.98 8.689 19.74 8.689 14.04
2006.54166666667 13.85 23.49 9.79 17.32 18.55 12.67 19.96 24.92 8.732 19.96 8.732 14.05
2006.625 13.94 24.01 9.838 17.47 18.73 12.75 20.21 25.69 8.772 20.21 8.772 14.08
2006.70833333333 13.98 24.29 9.857 17.53 18.82 12.78 20.33 25.92 8.788 20.33 8.788 14.08
2006.79166666667 13.95 24.25 9.842 17.5 18.78 12.76 20.3 25.48 8.775 20.3 8.775 14.07
2006.875 13.87 23.94 9.794 17.38 18.65 12.69 20.14 24.71 8.735 20.14 8.735 14.05
2006.95833333333 13.74 23.26 9.724 17.16 18.38 12.57 19.8 23.58 8.677 19.8 8.677 14.01
2007.04166666667 13.65 22.49 9.684 17 18.17 12.5 19.52 22.6 8.644 19.52 8.644 14.02
2007.125 13.61 21.95 9.663 16.92 18.07 12.47 19.37 22.08 8.628 19.37 8.628 14.04
2007.20833333333 13.63 21.89 9.677 16.95 18.1 12.49 19.39 22.19 8.64 19.39 8.64 14.06
2007.29166666667 13.68 22.01 9.706 17.02 18.18 12.53 19.48 22.34 8.664 19.48 8.664 14.11
2007.375 13.76 22.34 9.748 17.14 18.32 12.6 19.63 22.95 8.7 19.63 8.7 14.15
2007.45833333333 13.82 22.85 9.777 17.25 18.44 12.64 19.78 23.94 8.723 19.78 8.723 14.13
2007.54166666667 13.91 23.38 9.831 17.39 18.61 12.73 19.99 24.87 8.769 19.99 8.769 14.15
2007.625 14 23.88 9.881 17.54 18.79 12.8 20.22 25.66 8.811 20.22 8.811 14.18
2007.70833333333 14.06 24.13 9.912 17.64 18.91 12.85 20.38 25.85 8.836 20.38 8.836 14.22
2007.79166666667 14.05 24.08 9.901 17.62 18.9 12.84 20.38 25.34 8.825 20.38 8.825 14.23
2007.875 13.97 23.69 9.855 17.5 18.76 12.77 20.21 24.35 8.787 20.21 8.787 14.23
2007.95833333333 13.9 23.02 9.82 17.38 18.62 12.71 20.03 23.27 8.757 20.03 8.757 14.27
2008.04166666667 13.78 22.32 9.757 17.19 18.38 12.61 19.72 22.43 8.705 19.72 8.705 14.22
2008.125 13.73 21.91 9.727 17.09 18.26 12.57 19.58 22.04 8.68 19.58 8.68 14.21
2008.20833333333 13.7 21.85 9.711 17.05 18.21 12.54 19.51 22.07 8.667 19.51 8.667 14.17
2008.29166666667 13.7 22 9.713 17.07 18.23 12.55 19.53 22.37 8.669 19.53 8.669 14.14
2008.375 13.75 22.33 9.736 17.15 18.33 12.59 19.65 22.9 8.689 19.65 8.689 14.15
2008.45833333333 13.81 22.79 9.767 17.26 18.46 12.63 19.82 23.74 8.714 19.82 8.714 14.14
2008.54166666667 13.86 23.33 9.794 17.36 18.59 12.68 19.99 24.78 8.737 19.99 8.737 14.11
2008.625 13.92 23.79 9.827 17.46 18.71 12.73 20.16 25.47 8.764 20.16 8.764 14.1
2008.70833333333 13.96 24.04 9.85 17.53 18.81 12.76 20.29 25.63 8.784 20.29 8.784 14.11
2008.79166666667 13.95 24.01 9.842 17.52 18.8 12.75 20.29 25.16 8.776 20.29 8.776 14.13
2008.875 13.86 23.64 9.795 17.38 18.64 12.68 20.1 24.26 8.736 20.1 8.736 14.11
2008.95833333333 13.77 22.98 9.746 17.23 18.45 12.6 19.86 23.25 8.696 19.86 8.696 14.11
2009.04166666667 13.7 22.38 9.707 17.1 18.31 12.54 19.67 22.54 8.663 19.67 8.663 14.11
2009.125 13.59 21.89 9.654 16.93 18.1 12.45 19.4 22.05 8.62 19.4 8.62 14.04
2009.20833333333 13.56 21.73 9.635 16.87 18.02 12.42 19.3 21.97 8.604 19.3 8.604 14
2009.29166666667 13.59 21.99 9.654 16.93 18.09 12.45 19.38 22.4 8.62 19.38 8.62 13.99
2009.375 13.65 22.41 9.684 17.03 18.21 12.5 19.53 23.16 8.646 19.53 8.646 13.99
2009.45833333333 13.74 22.97 9.729 17.18 18.39 12.57 19.75 24.2 8.682 19.75 8.682 14
2009.54166666667 13.82 23.51 9.773 17.31 18.55 12.64 19.96 25.18 8.719 19.96 8.719 14.01
2009.625 13.93 24.02 9.832 17.49 18.76 12.73 20.23 25.99 8.769 20.23 8.769 14.06
2009.70833333333 13.98 24.32 9.862 17.58 18.88 12.78 20.38 26.18 8.794 20.38 8.794 14.08
2009.79166666667 13.98 24.29 9.86 17.59 18.88 12.78 20.39 25.61 8.792 20.39 8.792 14.11
2009.875 13.88 23.91 9.801 17.42 18.69 12.69 20.16 24.63 8.743 20.16 8.743 14.08
2009.95833333333 13.78 23.19 9.752 17.25 18.48 12.6 19.88 23.52 8.703 19.88 8.703 14.09
2010.04166666667 13.7 22.55 9.71 17.11 18.3 12.54 19.64 22.7 8.669 19.64 8.669 14.09
2010.125 13.67 22.05 9.703 17.03 18.19 12.52 19.48 22.13 8.664 19.48 8.664 14.12
2010.20833333333 13.63 21.77 9.689 16.96 18.09 12.49 19.33 21.92 8.654 19.33 8.654 14.1
2010.29166666667 13.63 21.83 9.691 16.96 18.08 12.49 19.31 22.18 8.656 19.31 8.656 14.07
2010.375 13.67 22.14 9.706 17.01 18.14 12.52 19.38 22.85 8.668 19.38 8.668 14.05
2010.45833333333 13.76 22.62 9.757 17.16 18.31 12.6 19.57 23.77 8.71 19.57 8.71 14.08
2010.54166666667 13.85 23.08 9.807 17.31 18.49 12.68 19.8 24.62 8.751 19.8 8.751 14.11
2010.625 13.89 23.42 9.827 17.37 18.57 12.71 19.92 25.23 8.768 19.92 8.768 14.1
2010.70833333333 13.9 23.63 9.83 17.39 18.6 12.71 19.97 25.43 8.77 19.97 8.77 14.07
2010.79166666667 13.88 23.62 9.815 17.36 18.57 12.69 19.94 24.94 8.757 19.94 8.757 14.06
2010.875 13.85 23.29 9.798 17.31 18.5 12.67 19.86 24.03 8.742 19.86 8.742 14.11
2010.95833333333 13.79 22.76 9.762 17.21 18.39 12.62 19.72 23.14 8.712 19.72 8.712 14.14
